-0.0159105
0.064565
-0.178402
0.396299
-0.765798
1.33321
-2.16391
3.31649
-4.85698
6.84813
-9.34407
12.3791
-15.9777
20.1333
-24.8237
30.004
-35.609
41.5485
-47.722
54.0058
-60.2749
66.3963
-72.2436
77.6924
-82.6395
86.9878
-90.6663
93.6167
-95.8053
97.2121
-97.8463
97.725
-96.8884
95.3841
-93.2723
90.616
-87.4933
83.9779
-80.1554
76.1074
-71.9185
67.6663
-63.4343
59.2918
-55.3128
51.5582
-48.0844
44.9319
-42.1359
39.7085
-37.6585
35.9735
-34.6329
33.5982
-32.8257
32.2533
-31.8211
31.4567
-31.0912
30.6522
-30.0769
29.3002
-28.2729
26.9454
-25.284
23.2583
-20.8552
18.0618
-14.8821
11.3183
-7.38475
3.09325
1.53477
-6.48441
11.7306
-17.2575
23.0428
-29.0722
35.3266
-41.7965
48.4627
-55.3165
62.3399
-69.5209
76.839
-84.2788
91.8111
-99.4136
107.051
-114.692
122.294
-129.822
137.227
-144.473
151.516
-158.322
164.854
-171.089
177
-182.58
187.813
-192.706
197.259
-201.485
205.392
-209
212.318
-215.364
218.145
-220.671
222.936
-224.945
226.68
-228.132
229.279
-230.104
230.574
-230.671
230.36
-229.623
228.431
-226.769
224.612
-221.957
218.786
-215.105
210.911
-206.221
201.044
-195.411
189.345
-182.892
176.092
-169.003
161.679
-154.192
146.605
-138.999
131.444
-124.02
116.797
-109.85
103.235
-97.0134
91.2235
-85.9026
81.0642
-76.7207
72.8556
-69.453
66.4697
-63.8614
61.5603
-59.5025
57.6002
-55.7753
53.9314
-51.9827
49.8299
-47.3917
44.5727
-41.301
37.4966
-33.1007
28.0508
-22.3102
15.8338
-8.60671
0.607975
8.16026
-17.6991
27.9841
-39.0029
50.7127
-63.0828
76.0618
-89.6066
103.653
-118.153
133.033
-148.236
163.687
-179.325
195.067
-210.855
226.604
-242.252
257.717
-272.937
287.829
-302.339
316.387
-329.919
342.865
-355.176
366.786
-377.658
387.731
-396.975
405.342
-412.805
419.325
-424.891
429.473
-433.069
435.663
-437.262
437.861
-437.483
436.131
-433.844
430.64
-426.561
421.632
-415.904
409.406
-402.196
394.309
-385.805
376.719
-367.114
357.025
-346.513
335.617
-324.397
312.898
-301.187
289.31
-277.336
265.317
-253.32
241.401
-229.631
218.061
-206.762
195.782
-185.178
174.989
-165.264
156.023
-147.302
139.106
-131.45
124.319
-117.71
111.586
-105.925
100.676
-95.7939
91.2066
-86.856
82.6505
-78.5185
74.3574
-70.081
65.5797
-60.7633
55.513
-49.7389
43.3253
-36.1846
28.2155
-19.347
9.48981
1.40313
-13.3953
26.5117
-40.783
56.2015
-72.7677
90.4362
-109.175
128.912
-149.586
171.099
-193.369
216.275
-239.718
263.567
-287.712
312.018
-336.376
360.645
-384.719
408.464
-431.77
454.513
-476.591
497.881
-518.291
537.71
-556.051
573.214
-589.126
603.699
-616.874
628.58
-638.777
647.411
-654.461
659.895
-663.709
665.891
-666.46
665.42
-662.804
658.637
-652.971
645.842
-637.321
627.459
-616.336
604.025
-590.623
576.214
-560.909
544.804
-528.017
510.655
-492.842
474.689
-456.317
437.831
-419.343
400.944
-382.737
364.798
-347.209
330.031
-313.322
297.124
-281.481
266.421
-251.976
238.157
-224.981
212.448
-200.561
189.311
-178.688
168.67
-159.232
150.338
-141.947
134
-126.438
119.183
-112.154
105.259
-98.401
91.4706
-84.3577
76.9384
-69.0937
60.6959
-51.6264
41.7628
-30.9932
19.2057
-6.30037
-7.81676
23.2223
-39.9859
58.154
-77.7644
98.8353
-121.365
145.334
-170.705
197.418
-225.398
254.552
-284.762
315.899
-347.819
380.362
-413.361
446.638
-480.011
513.293
-546.299
578.844
-610.746
641.831
-671.93
700.883
-728.539
754.757
-779.406
802.367
-823.533
842.804
-860.095
875.332
-888.45
899.394
-908.122
914.6
-918.805
920.736
-920.393
917.791
-912.96
905.941
-896.783
885.564
-872.36
857.271
-840.413
821.904
-801.874
780.48
-757.869
734.21
-709.68
684.455
-658.703
632.612
-606.34
580.063
-553.94
528.126
-502.755
477.956
-453.825
430.455
-407.915
386.266
-365.541
345.774
-326.958
309.091
-292.14
276.077
-260.851
246.425
-232.728
219.708
-207.284
195.391
-183.939
172.862
-162.059
151.458
-140.958
130.47
-119.879
109.094
-97.982
86.4407
-74.3407
61.5669
-47.9779
33.4668
-17.8839
1.12325
16.9447
-36.4161
57.4049
-79.9722
104.211
-130.152
157.841
-187.273
218.45
-251.31
285.819
-321.867
359.362
-398.156
438.113
-479.034
520.756
-563.049
605.714
-648.506
691.215
-733.57
775.366
-816.334
856.261
-894.896
932.044
-967.458
1000.98
-1032.38
1061.53
-1088.23
1112.39
-1133.85
1152.54
-1168.35
1181.26
-1191.2
1198.17
-1202.15
1203.18
-1201.26
1196.48
-1188.89
1178.57
-1165.59
1150.09
-1132.16
1111.92
-1089.51
1065.08
-1038.75
1010.72
-981.142
950.205
-918.086
885.01
-851.155
816.769
-782.036
747.191
-712.427
677.961
-643.961
610.632
-578.099
546.518
-515.989
486.614
-458.448
431.567
-405.967
381.679
-358.673
336.926
-316.375
296.984
-278.649
261.308
-244.844
229.156
-214.106
199.592
-185.448
171.556
-157.749
143.887
-129.796
115.344
-100.341
84.6554
-68.113
50.5772
-31.8848
11.925
9.46335
-32.3674
56.9101
-83.1718
111.243
-141.162
173.004
-206.766
242.473
-280.103
319.632
-360.987
404.124
-448.923
495.288
-543.072
592.126
-642.255
693.288
-744.986
797.132
-849.472
901.749
-953.671
1004.97
-1055.35
1104.51
-1152.15
1198
-1241.77
1283.2
-1322.02
1358.01
-1390.96
1420.67
-1446.97
1469.74
-1488.85
1504.22
-1515.8
1523.55
-1527.47
1527.6
-1523.97
1516.67
-1505.78
1491.42
-1473.72
1452.85
-1428.95
1402.2
-1372.81
1340.95
-1306.85
1270.73
-1232.81
1193.32
-1152.49
1110.54
-1067.71
1024.25
-980.388
936.361
-892.402
848.722
-805.538
763.045
-721.438
680.884
-641.552
603.556
-567.003
531.959
-498.469
466.546
-436.2
407.388
-380.063
354.138
-329.523
306.097
-283.754
262.351
-241.766
221.844
-202.439
183.383
-164.517
145.652
-126.625
107.238
-87.3034
66.616
-44.9792
22.1793
1.96585
-27.6554
55.0568
-84.3285
115.599
-148.993
184.58
-222.427
262.556
-304.969
349.626
-396.488
445.471
-496.49
549.428
-604.171
660.559
-718.457
777.685
-838.067
899.391
-961.451
1023.99
-1086.76
1149.46
-1211.79
1273.41
-1333.98
1393.14
-1450.51
1505.73
-1558.42
1608.24
-1654.85
1697.96
-1737.28
1772.58
-1803.66
1830.35
-1852.55
1870.15
-1883.12
1891.44
-1895.14
1894.25
-1888.85
1879.04
-1864.93
1846.65
-1824.37
1798.25
-1768.49
1735.28
-1698.85
1659.43
-1617.26
1572.59
-1525.7
1476.83
-1426.3
1374.37
-1321.35
1267.51
-1213.17
1158.58
-1104.05
1049.84
-996.208
943.388
-891.625
841.095
-791.988
744.433
-698.555
654.41
-612.069
571.533
-532.805
495.838
-460.576
426.908
-394.75
363.957
-334.404
305.927
-278.371
251.537
-225.262
199.326
-173.544
147.695
-121.576
94.9437
-67.6036
39.3042
-9.84625
-20.9936
53.3994
-87.5827
123.685
-161.886
202.296
-245.034
290.165
-337.77
387.849
-440.434
495.48
-552.962
612.794
-674.914
739.176
-805.472
873.609
-943.419
1014.66
-1087.14
1160.53
-1234.58
1308.95
-1383.32
1457.3
-1530.55
1602.64
-1673.23
1741.88
-1808.22
1871.86
-1932.45
1989.59
-2043.01
2092.34
-2137.34
2177.72
-2213.28
2243.79
-2269.14
2289.15
-2303.76
2312.87
-2316.49
2314.59
-2307.29
2294.62
-2276.73
2253.79
-2226
2193.56
-2156.78
2115.89
-2071.21
2023.04
-1971.7
1917.5
-1860.8
1801.89
-1741.11
1678.77
-1615.19
1550.65
-1485.51
1419.99
-1354.45
1289.12
-1224.33
1160.29
-1097.31
1035.57
-975.314
916.727
-860
805.222
-752.537
701.936
-653.465
607.05
-562.652
520.114
-479.353
440.127
-402.28
365.55
-329.738
294.564
-259.855
225.306
-190.73
155.845
-120.445
84.2541
-47.1
8.70304
31.1
-72.5503
115.822
-161.144
208.638
-258.518
310.861
-365.812
423.424
-483.782
546.861
-612.703
681.204
-752.319
825.899
-901.824
979.871
-1059.88
1141.58
-1224.76
1309.11
-1394.36
1480.19
-1566.32
1652.4
-1738.12
1823.1
-1907.02
1989.49
-2070.15
2148.6
-2224.48
2297.37
-2366.89
2432.63
-2494.23
2551.27
-2603.45
2650.4
-2691.85
2727.52
-2757.19
2780.64
-2797.75
2808.4
-2812.55
2810.16
-2801.29
2786.01
-2764.48
2736.84
-2703.34
2664.22
-2619.78
2570.33
-2516.27
2457.93
-2395.74
2330.08
-2261.37
2190.01
-2116.42
2040.96
-1964.05
1886.05
-1807.35
1728.3
-1649.25
1570.5
-1492.36
1415.11
-1339.03
1264.34
-1191.29
1120
-1050.65
983.293
-917.978
854.72
-793.516
734.281
-676.957
621.413
-567.502
515.051
-463.905
413.843
-364.722
316.322
-268.461
220.916
-173.512
125.992
-78.1823
29.831
19.2658
-69.3609
120.663
-173.46
227.965
-284.451
343.134
-404.259
468
-534.589
604.134
-676.783
752.585
-831.583
913.704
-998.924
1087.05
-1177.93
1271.32
-1366.96
1464.5
-1563.65
1663.98
-1765.13
1866.69
-1968.27
2069.41
-2169.77
2268.86
-2366.31
2461.67
-2554.55
2644.5
-2731.16
2814.06
-2892.84
2967.03
-3036.27
3100.12
-3158.27
3210.31
-3256.01
3295.02
-3327.16
3352.18
-3369.98
3380.43
-3383.53
3379.27
-3367.74
3348.98
-3323.18
3290.46
-3251.07
3205.24
-3153.28
3095.47
-3032.17
2963.73
-2890.57
2813.09
-2731.78
2647.08
-2559.52
2469.57
-2377.75
2284.52
-2190.41
2095.83
-2001.25
1907.02
-1813.55
1721.1
-1629.97
1540.35
-1452.43
1366.32
-1282.15
1199.98
-1119.84
1041.72
-965.592
891.356
-818.966
748.318
-679.296
611.763
-545.554
480.452
-416.276
352.791
-289.779
227.016
-164.275
101.285
-37.8286
-26.3776
91.5781
-158.01
225.894
-295.461
366.89
-440.392
516.163
-594.373
675.193
-758.765
845.186
-934.546
1026.9
-1122.27
1220.65
-1321.99
1426.19
-1533.11
1642.55
-1754.27
1868.01
-1983.41
2100.14
-2217.78
2335.93
-2454.1
2571.85
-2688.65
2804.03
-2917.44
3028.38
-3136.29
3240.66
-3340.91
3436.55
-3527.02
3611.84
-3690.52
3762.64
-3827.75
3885.53
-3935.63
3977.82
-4011.88
4037.72
-4055.17
4064.27
-4064.96
4057.33
-4041.44
4017.48
-3985.53
3945.86
-3898.63
3844.15
-3782.67
3714.57
-3640.14
3559.82
-3473.98
3383.1
-3287.64
3188.17
-3085.16
2979.26
-2870.95
2760.89
-2649.55
2537.53
-2425.24
2313.2
-2201.76
2091.29
-1982.02
1874.2
-1767.91
1663.33
-1560.41
1459.24
-1359.75
1261.95
-1165.75
1071.14
-978.001
886.318
-795.993
707.002
-619.217
532.607
-447.003
362.319
-278.375
195.035
-112.048
29.2418
53.6962
-137.012
221.029
-306.016
392.321
-480.189
569.96
-661.878
756.225
-853.203
953.032
-1055.82
1161.71
-1270.75
1382.99
-1498.4
1616.94
-1738.46
1862.86
-1989.93
2119.47
-2251.18
2384.8
-2519.96
2656.3
-2793.39
2930.78
-3067.97
3204.42
-3339.58
3472.85
-3603.64
3731.3
-3855.19
3974.68
-4089.15
4198
-4300.66
4396.57
-4485.22
4566.12
-4638.85
4703.01
-4758.29
4804.4
-4841.09
4868.16
-4885.48
4892.91
-4890.48
4878.2
-4856.13
4824.43
-4783.3
4732.93
-4673.7
4605.92
-4530.04
4446.55
-4356.04
4259.01
-4156.13
4047.96
-3935.15
3818.32
-3698.14
3575.12
-3449.88
3322.87
-3194.57
3065.34
-2935.59
2805.57
-2675.6
2545.85
-2416.54
2287.77
-2159.73
2032.49
-1906.25
1781.03
-1657.01
1534.21
-1412.76
1292.63
-1173.97
1056.72
-940.967
826.63
-713.722
602.054
-491.592
382.108
-273.479
165.471
-57.9203
-49.5223
157.046
-265.029
373.729
-483.487
594.553
-707.312
821.967
-938.895
1058.31
-1180.49
1305.57
-1433.79
1565.18
-1699.9
1837.9
-1979.19
2123.62
-2271.11
2421.35
-2574.16
2729.13
-2885.98
3044.16
-3203.31
3362.82
-3522.21
3680.84
-3838.21
3993.62
-4146.59
4296.42
-4442.6
4584.47
-4721.56
4853.21
-4979.01
5098.3
-5210.67
5315.52
-5412.45
5500.87
-5580.47
5650.67
-5711.2
5761.55
-5801.46
5830.54
-5848.7
5855.58
-5851.28
5835.6
-5808.7
5770.57
-5721.6
5661.91
-5592.09
5512.46
-5423.66
5326.12
-5220.62
5107.56
-4987.81
4861.83
-4730.41
4593.96
-4453.27
4308.67
-4160.91
4010.32
-3857.56
3702.86
-3546.88
3389.78
-3232.15
3074.17
-2916.33
2758.75
-2601.92
2445.88
-2291.06
2137.46
-1985.42
1834.88
-1686.15
1539.06
-1393.87
1250.35
-1108.61
968.362
-829.676
692.179
-555.921
420.473
-285.742
151.293
-16.9768
-117.693
252.846
-388.974
526.262
-665.197
805.972
-949.085
1094.67
-1243.15
1394.6
-1549.4
1707.5
-1869.19
2034.31
-2203.01
2375.02
-2550.32
2728.51
-2909.45
3092.58
-3277.65
3464.07
-3651.44
3839.06
-4026.52
4213.04
-4398.17
4581.18
-4761.59
4938.69
-5112.03
5280.9
-5444.92
5603.42
-5756.06
5902.23
-6041.6
6173.52
-6297.73
6413.58
-6520.78
6618.73
-6707.1
6785.24
-6852.85
6909.33
-6954.34
6987.41
-7008.28
7016.46
-7011.92
6994.36
-6963.77
6920.15
-6863.69
6794.47
-6713
6619.57
-6514.78
6399.19
-6273.53
6138.41
-5994.73
5843.17
-5684.62
5519.85
-5349.69
5174.81
-4996.09
4814.08
-4629.52
4442.97
-4254.95
4065.84
-3876.16
3686.14
-3496.15
3306.41
-3117.12
2928.37
-2740.45
2553.36
-2367.23
2182.17
-1998.19
1815.28
-1633.58
1452.97
-1273.47
1095.09
-917.704
741.182
-565.491
390.426
-215.9
41.8272
132.036
-305.862
479.812
-654.173
829.159
-1004.99
1182.03
-1360.55
1540.87
-1723.36
1908.4
-2096.24
2287.26
-2481.67
2679.64
-2881.3
3086.7
-3295.64
3508.04
-3723.48
3941.55
-4161.66
4383.21
-4605.36
4827.46
-5048.61
5268.05
-5484.85
5698.33
-5907.56
6112
-6310.85
6503.63
-6689.64
6868.54
-7039.61
7202.6
-7356.83
7501.97
-7637.36
7762.73
-7877.36
7980.99
-8072.94
8152.96
-8220.42
8275.25
-8316.89
8345.39
-8360.39
8362.06
-8350.09
8324.82
-8285.96
8233.95
-8168.64
8090.52
-7999.46
7896.09
-7780.27
7652.67
-7513.27
7362.85
-7201.53
7030.33
-6849.49
6660.15
-6462.6
6258.1
-6047.05
5830.8
-5609.78
5385.31
-5157.68
4928.1
-4696.69
4464.51
-4231.51
3998.59
-3765.47
3532.88
-3300.39
3068.57
-2836.94
2605.99
-2375.19
2145.11
-1915.19
1686.04
-1457.16
1229.17
-1001.62
775.219
-549.515
325.262
-101.952
-119.744
340.475
-559.665
778.086
-995.307
1212.28
-1428.75
1645.86
-1863.5
2082.89
-2303.93
2527.87
-2754.52
2985.02
-3219.02
3457.46
-3699.66
3946.35
-4196.55
4450.69
-4707.54
4967.32
-5228.55
5491.3
-5754.01
6016.65
-6277.59
6536.82
-6792.64
7045.06
-7292.38
7534.61
-7770
7998.59
-8218.54
8429.87
-8630.76
8821.26
-8999.46
9165.5
-9317.58
9455.95
-9579.02
9687.35
-9779.51
9856.38
-9916.83
9961.95
-9990.88
10005
-10003.7
9988.37
-9958.46
9915.49
-9858.73
9789.69
-9707.4
9613.28
-9506.23
9387.52
-9255.86
9112.52
-8956.11
8788.02
-8607.03
8414.64
-8209.83
7994.49
-7767.76
7531.9
-7286.37
7033.58
-6773.14
6507.69
-6236.67
5962.71
-5685.11
5406.25
-5125.14
4843.82
-4560.9
4278.2
-3994.03
3710
-3424.25
3138.35
-2850.44
2562.3
-2272.21
1982.19
-1690.78
1400.26
-1109.34
820.512
-532.465
247.69
35.301
-314.249
591.034
-863.648
1134.5
-1401.99
1668.94
-1934.12
2200.6
-2467.16
2736.9
-3008.4
3284.56
-3563.63
3848.12
-4135.72
4428.61
-4723.94
5023.6
-5324.61
5628.7
-5932.72
6238.66
-6543.31
6848.78
-7152.13
7455.55
-7756.05
8056.04
-8352.24
8646.82
-8936.25
9222.23
-9500.69
9773.08
-10034.8
10287
-10524.9
10749.8
-10956.7
11147.4
-11317.5
11469.3
-11599
11709.9
-11798.8
11869.6
-11919.9
11953.9
-11969.5
11971
-11955.9
11928.6
-11886
11831.9
-11762.7
11681.7
-11584.9
11475.2
-11348.1
11206.9
-11046.9
10871.9
-10677.7
10468.7
-10241.3
10000.5
-9743.4
9475.52
-9194.24
8905.46
-8606.56
8303.52
-7993.21
7681.23
-7363.83
7046
-6723.32
6400.47
-6072.29
5743.21
-5407.84
5070.61
-4726.15
4379.4
-4025.31
3669.51
-3307.47
2945.44
-2579.26
2215.64
-1850.51
1490.67
-1131.73
780.213
-430.937
89.8474
249.143
-580.784
912.088
-1238.21
1566.76
-1892.99
2224.57
-2556.4
2895.81
-3236.81
3586.1
-3936.67
4294.42
-4651.56
5013.56
-5372.02
5732.62
-6087.04
6441.39
-6787.94
7133.84
-7471.85
7810.35
-8142.74
8477.87
-8809.42
9146.43
-9481.65
9823.77
-10164.4
10510.8
-10853.4
11198.2
-11533.9
11866
-12182.1
12487.3
-12769.5
13034.5
-13270.7
13485.8
-13669.3
13830.5
-13961
14071.5
-14154.3
14221.9
-14266.3
14299.7
-14314.2
14320.9
-14309.9
14292.1
-14255.2
14208.4
-14139.1
14055.1
-13942.9
13811.7
-13647.9
13461.6
-13241.6
12999.4
-12725.2
12433.9
-12116.1
11788.2
-11442.9
11096
-10739.4
10389.5
-10035.3
9691.4
-9345.78
9009.56
-8668.39
8333.3
-7986.46
7638.58
-7272.86
6898.8
-6501.15
6093.05
-5658.91
5215.34
-4750.38
4280.7
-3797.05
3319.17
-2835.39
2366.94
-1902.31
1458.38
-1022.79
611.449
-205.7
-178.879
562.408
-934.351
1313.95
-1689.66
2084.11
-2481.32
2901.32
-3329.07
3778.89
-4231.94
4704.11
-5170.42
5645.29
-6106.79
6565.84
-7001.37
7430.76
-7830.61
8222.06
-8588.57
8949.38
-9290.84
9638.37
-9973.12
10322
-10668.5
11031.7
-11393.6
11774.1
-12144.7
12524.5
-12885.9
13239.4
-13558.9
13859.7
-14109.6
14331.1
-14499.3
14634.2
-14720.6
14787.3
-14815.3
14843.3
-14857.1
14888.1
-14927.2
15005.7
-15100.8
15245.7
-15412
15616.5
-15831.6
16068.8
-16285
16497.6
-16661.5
16785.3
-16836.1
16826.9
-16720.7
16549.5
-16282.8
15951.8
-15545
15098.1
-14594.7
14086.1
-13552.5
13035
-12523.2
12048.4
-11584.4
11170
-10764.8
10393.2
-10024
9670.5
-9291.4
8916.4
-8497.05
8060.11
-7578.41
7074.72
-6521.46
5965
-5370.34
4782.52
-4185.52
3611.01
-3036.24
2507.67
-1982.02
1497.62
-1023.11
575.12
-116.026
-321.455
794.344
-1267.93
1777.96
-2303.9
2873.84
-3441.83
4050.65
-4644.32
5243.64
-5812.24
6365.9
-6853.38
7319.92
-7713.87
8073.05
-8379.7
8671.4
-8921.67
9199.47
-9468.05
9779.73
-10117.8
10510.4
-10912.4
11362.4
-11779.9
12172.4
-12469.7
12646.6
-12611.9
12365.3
-11797.8
10911.3
-9643.52
7999.8
-5942.47
3541.97
-774.867
-2253.72
5501.74
-8857
12253.4
-15532.3
18646.6
-21439
23846.9
-25763.6
27154.3
-27922.6
28106.3
-27648.4
26605.8
-24995.3
22904.6
-20358.2
17500.3
-14362.7
11074.7
-7700.95
4352.44
-1060.4
-2049.24
4978.85
-7642.72
10032.7
-12099.9
13870.7
-15280.9
16388.6
-17155.7
17617.4
-17764.3
17651.2
-17244.6
16626.1
-15782.2
14770.9
-13605.9
12361.9
-11030.5
9706.25
-8389.77
7147.41
-5989.17
4973.68
-4077.04
3355.16
-2765.79
2326.39
-1994.43
1766.51
-1571.33
1416.27
-1226.56
992.88
-670.977
266.615
266.237
-888.751
1615.29
-2410.67
3267.91
-4126.56
4988.02
-5803.28
6559.16
-7225.77
7821.11
-8316.17
8738.06
-9096.13
9409.87
-9684.82
9957.81
-10215.8
10470.4
-10718.1
10936.6
-11105.2
11214.3
-11227.2
11129.6
-10919.9
10579.2
-10113.5
9495.61
-8715.66
7771.68
-6670.91
5440.45
-4091.38
2635.67
-1059.95
-615.141
2405.41
-4269.22
6198.4
-8144.05
10083.3
-11980.4
13815.8
-15543.8
17129
-18509.6
19646.4
-20495.3
21024.5
-21209
21041.5
-20508.4
19627.7
-18401.9
16857.2
-15018.6
12936.9
-10650.9
8229.07
-5704.46
3137.08
-561.219
-1970.62
4416.81
-6725.59
8864.72
-10796.6
12505
-13965.7
15164.5
-16084
16719.5
-17062.3
17130.2
-16930.4
16496.9
-15849.7
15022.4
-14041
12947.3
-11770.9
10558.7
-9337.24
8139
-6984.34
5890.79
-4864.85
3912.19
-3028.47
2212.28
-1459.53
759.821
-103.003
-524.287
1132.1
-1724.88
2306.51
-2877.6
3439.38
-3993.58
4542.96
-5088
5631.99
-6171.49
6706.01
-7232.53
7751.11
-8260
8759.12
-9238.59
9692.89
-10107.8
10474.4
-10779.4
11011.9
-11158
11210
-11157
10994.2
-10716.1
10319.8
-9805.61
9177.99
-8440.15
7599.71
-6660.32
5629.1
-4510.9
3313.34
-2040.78
702.755
695.435
-2142.05
3628.92
-5141.41
6665.24
-8179.02
9662.63
-11090.1
12439.1
-13682.8
14796.6
-15754
16532.5
-17110.6
17474.1
-17608.7
17508.2
-17167.2
16588.2
-15774.8
14738.8
-13490.6
12049.3
-10433.1
8666.6
-6775.2
4787.6
-2732.97
644.161
1446.78
-3505.64
5499.19
-7394.58
9160.55
-10768.4
12194.2
-13417.6
14423.3
-15200.3
15743.7
-16054
16138.1
-16006.7
15675.3
-15160.9
14485.1
-13669.7
12738.2
-11712.9
10616.4
-9468.79
8290.44
-7098.25
5908.03
-4733.02
3585.03
-2473.57
1406.92
-390.405
-571.271
1475.91
-2322.41
3111.84
-3846.29
4529.6
-5165.36
5758.74
-6314.47
6838
-7333.4
7804.06
-8251.04
8674.99
-9073.97
9445.54
-9784.42
10084.7
-10338.7
10539.2
-10677.6
10746.7
-10738.5
10647.1
-10466.7
10193.7
-9824.66
9358.26
-8793.53
8131.96
-7374.95
6525.81
-5588.1
4567.27
-3469.1
2301.52
-1072.51
-207.606
1527.62
-2874.28
4233.56
-5589.86
6927.29
-8228.52
9476.01
-10651.9
11739.1
-12720.9
13581.7
-14307.1
14884.2
-15301.8
15551.1
-15624.7
15517.7
-15227.4
14753.6
-14098
13265.6
-12263.1
11100.3
-9789.79
8346.72
-6788.54
5135.23
-3408.64
1632.8
167.103
-1965.18
3735.3
-5451.6
7089.15
-8624.36
10036
-11305.2
12416.2
-13356
14115
-14687
15069.1
-15262
15268.8
-15095.9
14752
-14248.2
13597.4
-12814.1
11914.1
-10914.3
9831.91
-8684.52
7489.48
-6263.73
5023.49
-3783.88
2558.8
-1360.22
198.688
917.123
-1980.27
2985.75
-3930.06
4811.56
-5629.47
6384.05
-7076.32
7707.72
-8279.72
8793.97
-9251.44
9652.88
-9998.49
10287.9
-10520
10693.6
-10806.4
10856.2
-10840.6
10756.7
-10601.9
10373.6
-10069.4
9687.33
-9225.66
8683.35
-8059.96
7356.13
-6573.27
5713.86
-4781.47
3780.93
-2718.32
1601.25
-438.346
-760.405
1983.79
-3219.63
4454.98
-5676.06
6868.95
-8019.44
9113.14
-10136.1
11074.9
-11916.4
12648.6
-13260.6
13742.3
-14085.4
14282.7
-14328.5
14219
-13952
13527.3
-12946.8
12214.4
-11336.1
10320.1
-9176.64
7917.97
-6558.38
5113.85
-3601.72
2040.84
-450.899
-1147.86
2734.89
-4289.61
5792.21
-7223.25
8564.7
-9799.88
10913.9
-11893.4
12727.7
-13407.9
13927.7
-14283.1
14472.5
-14496.4
14358.3
-14063.2
13618.6
-13033.6
12319.1
-11487.3
10551.6
-9526.29
8426.45
-7267.05
6063.41
-4830.29
3582.22
-2332.62
1094.54
120.489
-1301.75
2439.99
-3526.98
4556.12
-5521.46
6418.59
-7243.78
7994.42
-8668.49
9264.99
-9782.99
10222.5
-10583.3
10865.8
-11070.2
11197
-11246.3
11218.9
-11114.9
10934.6
-10678.2
10346.1
-9938.51
9456.3
-8900.18
8271.73
-7572.54
6805.32
-5972.75
5079.09
-4128.71
3127.41
-2081.54
998.743
113.153
-1244.71
2386.61
-3528.25
4658.99
-5767.31
6842.14
-7871.36
8843.93
-9748.09
10573.2
-11308.3
11944.1
-12470.7
12880.5
-13166
13321.4
-13342
13224.9
-12968
12571.8
-12037.7
11369.5
-10572
9652.85
-8620.15
7484.82
-6258.33
4954.34
-3587.01
2172.47
-726.56
-733.182
2189.87
-3625.8
5024.09
-6367.54
7640.62
-8827.64
9915.09
-10890
11741.6
-12460.2
13038.6
-13470.6
13753
-13883.7
13863.3
-13693.7
13379.5
-12925.8
12341
-11633.5
10814.2
-9894.24
8886.4
-7803.33
6659.13
-5467.24
4241.95
-2996.53
1744.76
-498.93
-728.4
1926.3
-3083.98
4192.4
-5242.71
6227.92
-7141.26
7977.68
-8732.33
9402.02
-9983.58
10475.4
-10875.9
11184.6
-11401.1
11526
-11559.7
11503.6
-11358.8
11127.4
-10811
10412.2
-9933.33
9377.49
-8747.47
8047.25
-7280.46
6451.89
-5566.13
4629
-3645.96
2623.99
-1569.77
491.347
603.443
-1705.53
2806.27
-3895.78
4964.8
-6003.03
7000.81
-7947.73
8834.31
-9650.53
10387.6
-11036.3
11589
-12038
12377
-12600.2
12703.2
-12682.6
12536.6
-12264.3
11866.6
-11345.3
10704.4
-9948.57
9084.72
-8120.42
7065.26
-5929.33
4724.43
-3462.71
2157.78
-823.26
-526.068
1875.75
-3210.65
4516.27
-5777.73
6981.15
-8112.66
9159.7
-10110.1
10953.5
-11680.1
12282.2
-12753.1
13088.2
-13284
13339.5
-13254.6
13031.7
-12674.4
12188.2
-11579.7
10857.4
-10030.3
9109.16
-8104.9
7029.77
-5895.9
4716.42
-3503.81
2271.28
-1031.24
-203.631
1421.66
-2611.06
3761.31
-4862
5904.12
-6878.9
7779.09
-8597.83
9329.68
-9969.68
10514.4
-10960.7
11307
-11552.2
11696.1
-11739.2
11683.1
-11529.3
11280.6
-10939.7
10510.4
-9996.25
9401.84
-8731.58
7990.78
-7184.61
6319.2
-5400.5
4435.36
-3430.5
2393.59
-1332.12
254.438
831.262
-1916.03
2991.24
-4047.63
5076.35
-6068.1
7014.13
-7905.3
8733.3
-9489.64
10166.7
-10757
11254
-11651.5
11944.3
-12127.9
12198.8
-12154.5
11993.8
-11716.1
11322.6
-10815.3
10197.8
-9474.77
8652.33
-7737.6
6739.16
-5666.37
4529.85
-3340.81
2111.59
-854.776
-416.28
1688.2
-2947.28
4180.18
-5373.42
6514.25
-7590.17
8589.58
-9501.54
10316.3
-11025.1
11620.6
-12096.5
12448
-12671.7
12765.9
-12729.9
12565
-12273.5
11859.3
-11327.6
10684.8
-9938.37
9096.93
-8169.94
7167.68
-6101.08
4981.68
-3821.27
2632.04
-1426.21
215.915
986.77
-2170.15
3322.99
-4434.55
5494.76
-6494.37
7424.77
-8278.33
9048.29
-9728.78
10314.9
-10802.8
11189.4
-11472.8
11651.7
-11725.7
11695.6
-11562.7
11329
-10997.7
10572.1
-10056.6
9455.91
-8775.6
8021.53
-7200.17
6318.4
-5383.53
4403.21
-3385.45
2338.4
-1270.61
190.627
892.764
-1970.77
3034.47
-4075.15
5083.88
-6052.13
6971.38
-7833.44
8630.3
-9354.46
9998.68
-10556.5
11021.7
-11389.3
11654.4
-11813.6
11863.8
-11803.5
11631.7
-11348.8
10956.2
-10456.6
9853.68
-9152.26
8358.29
-7478.76
6521.57
-5495.67
4410.71
-3277.15
2106.1
-909.203
-301.637
1513.99
-2715.54
3893.85
-5036.59
6131.78
-7167.93
8133.92
-9019.56
9815.42
-10513
11104.9
-11585.1
11948.5
-12191.5
12311.7
-12308.2
12181.5
-11933.4
11566.9
-11086.5
10497.7
-9807.27
9022.75
-8152.76
7206.63
-6194.46
5126.83
-4014.8
2869.62
-1702.8
525.846
649.678
-1812.43
2951.29
-4055.55
5114.96
-6119.92
7061.36
-7931.05
8721.42
-9425.83
10038.5
-10554.6
10970.3
-11282.7
11490
-11591.1
11585.9
-11475.5
11261.7
-10947.3
10535.7
-10031.3
9439.19
-8765.13
8015.39
-7196.88
6316.95
-5383.36
4404.27
-3388.09
2343.41
-1279.1
204
872.817
-1942.35
2995.53
-4023.5
5017.35
-5968.58
6868.75
-7709.86
8484.21
-9184.63
9804.36
-10337.4
10778.4
-11122.6
11366.2
-11506.4
11541
-11469.1
11290.4
-11005.9
10617.3
-10127.7
9540.59
-8860.86
8094.01
-7246.57
6325.8
-5340.04
4298.08
-3209.69
2085.03
-934.899
-229.531
1396.56
-2554.55
3691.48
-4795.67
5855.61
-6860.21
7798.86
-8661.81
9439.88
-10125
10710.1
-11189.2
11557.3
-11811
11947.9
-11966.8
11867.9
-11652.7
11323.3
-10883.8
10338.7
-9693.89
8956.2
-8133.39
7233.81
-6266.83
5242.18
-4170.39
3062.3
-1929.14
782.069
367.348
-1508.08
2628.94
-3719.28
4768.7
-5767.64
6706.74
-7577.87
8373.23
-9086.14
9710.49
-10241.4
10674.3
-11006.3
11234.8
-11358.6
11377
-11290.6
11100.6
-10809.3
10419.7
-9935.98
9362.64
-8705.47
7970.51
-7164.86
6295.73
-5371.32
4399.85
-3390.34
2351.62
-1293.19
224.238
845.587
-1907.04
2950.45
-3966.92
4947.11
-5882.57
6764.72
-7585.91
8338.42
-9015.8
9611.5
-10120.3
10537.3
-10858.6
11080.9
-11202.3
11221
-11136.9
10950
-10661.8
10274.4
-9791.01
9215.24
-8552.07
7806.87
-6986.06
6096.51
-5146.22
4143.3
-3097.04
2016.83
-912.866
-204.575
1324.5
-2436.29
3528.65
-4590.85
5611.98
-6581.74
7489.89
-8327.33
9085.09
-9755.47
10331.4
-10806.9
11176.9
-11437.9
11586.8
-11622.4
11544.1
-11353
11050.6
-10640.6
10126.8
-9514.75
8810.61
-8021.82
7156.19
-6222.98
5231.4
-4191.82
3114.65
-2010.95
891.561
232.068
-1349.24
2448.82
-3520.47
4553.8
-5539.37
6467.72
-7330.79
8120.51
-8830.25
9453.65
-9985.75
10421.8
-10758.6
10993.4
-11124.9
11152.1
-11075.7
10896.6
-10617.4
10240.5
-9770.34
9211.17
-8568.74
7848.82
-7058.58
6204.98
-5296.13
4340.16
-3345.98
2322.3
-1278.82
224.571
830.613
-1877.37
2905.97
-3907.4
4872.09
-5791.65
6657.4
-7461.66
8196.89
-8856.65
9434.57
-9925.8
10325.6
-10630.5
10837.6
-10945.4
10952.5
-10859.3
10666.1
-10374.8
9987.76
-9508.49
8940.87
-8290.18
7561.81
-6762.36
5898.67
-4978.63
4010.19
-3002.4
1964.23
-905.332
-164.631
1235.53
-2297.63
3340.62
-4354.81
5330.37
-6258.03
7128.62
-7933.89
8665.65
-9316.82
9880.64
-10351.4
10724
-10994.5
11159.6
-11217.3
11166.5
-11007.4
10741.2
-10370.2
9897.78
-9328.67
8668.38
-7923.62
7101.82
-6211.5
5261.53
-4261.78
3222.29
-2153.58
1066.34
28.5246
-1120.34
2198.28
-3251.93
4271.16
-5246.37
6168.31
-7028.55
7819.08
-8532.7
9162.96
-9704.35
10152.1
-10502.6
10753
-10901.3
10946.5
-10888.8
10729.1
-10469.5
10112.7
-9662.49
9123.39
-8500.75
7800.55
-7029.58
6195.17
-5305.1
4367.75
-3391.84
2386.29
-1360.46
323.743
714.388
-1744.46
2757.05
-3743.06
4693.47
-5599.67
6453.47
-7247.12
7973.37
-8625.71
9198.18
-9685.49
10083.2
-10387.7
10596
-10706.2
10717.2
-10628.8
10441.9
-10157.9
9779.57
-9310.34
8754.49
-8117.21
7404.46
-6622.83
5779.54
-4882.49
3939.91
-2960.51
1953.34
-927.585
-107.398
1142.11
-2167.21
3173.34
-4151.31
5092.12
-5987.12
6827.83
-7606.39
8315.31
-8947.72
9497.3
-9958.53
10326.5
-10597.2
10767.6
-10835.5
10800
-10660.9
10419.1
-10076.9
9637.21
-9104.31
8483.26
-7780.21
7001.97
-6156.3
5251.54
-4296.69
3301.07
-2274.56
1227.12
-169.035
-889.374
1937.77
-2966.08
3964.28
-4922.87
5832.56
-6684.7
7471.06
-8184.28
8817.52
-9365.06
9821.78
-10183.7
10447.6
-10611.5
10673.9
-10635
10495.5
-10257.2
9922.81
-9495.91
8980.72
-8382.58
7707.16
-6961.18
6151.63
-5286.24
4372.94
-3420.35
2437.09
-1432.43
415.56
603.994
-1616.92
2613.69
-3585.3
4522.6
-5417.01
6260.12
-7044.25
7762.04
-8407.07
8973.36
-9455.9
9850.22
-10152.9
10361.2
-10473.4
10488.4
-10406.3
10227.9
-9955.1
9590.18
-9136.8
8598.96
-7981.76
7290.83
-6532.69
5714.09
-4842.81
3926.61
-2974.02
1993.61
-994.487
-14.4153
1023.56
-2023.94
3006.12
-3961.19
4880.09
-5754.42
6575.59
-7336.09
8028.27
-8645.64
9181.89
-9631.94
9990.9
-10255.5
10422.6
-10490.8
10458.9
-10327.5
10097.2
-9770.64
9350.55
-8841.22
8247.28
-7574.71
6829.63
-6019.53
5151.83
-4235.16
3278.08
-2290.07
1280.28
-258.781
-764.927
1780.66
-2778.78
3749.37
-4683.35
5571.24
-6404.82
7175.71
-7876.77
8501.09
-9043.07
9497.28
-9859.96
10127.6
-10298.1
10370.1
-10343.5
10218.4
-9997
9681.2
-9274.64
8781.25
-8206.17
7554.74
-6833.62
6049.32
-5209.64
4322.23
-3395.7
2438.4
-1459.59
467.95
527.008
-1516.39
2490.76
-3441.49
4359.44
-5236.58
6064.53
-6835.93
7543.41
-8180.8
8741.79
-9221.61
9615.47
-9920
10132.1
-10250.2
10272.6
-10199.7
10031.6
-9770.27
9417.79
-8977.74
8453.85
-7851.39
7175.63
-6433.14
5630.59
-4775.75
3876.32
-2941.04
1978.38
-997.653
7.79599
981.599
-1961.54
2922.55
-3855.87
4752.47
-5604.21
6402.73
-7140.87
7811.38
-8408.25
8925.57
-9358.81
9703.52
-9956.83
10116
-10179.9
10147.7
-10019.9
9797.49
-9482.94
9078.95
-8589.6
8019.29
-7373.63
6658.42
-5880.72
5047.61
-4167.18
3247.59
-2297.73
1326.35
-342.874
-643.59
1623.42
-2587.5
3526.37
-4431.34
5293.45
-6104.69
6857.05
-7543.57
8157.42
-8693.03
9144.98
-9509.28
9782.28
-9961.74
10045.9
-10034.3
9927.04
-9725.64
9431.94
-9049.2
8581.08
-8032.47
7408.49
-6715.52
5959.97
-5149.31
4291.06
-3393.5
2464.81
-1513.9
549.322
419.77
-1384.69
2336.39
-3266.34
4165.86
-5026.94
5841.38
-6601.89
7301.16
-7932.85
8490.85
-8970.11
9365.79
-9674.34
9892.47
-10018.3
10050.2
-9988.12
9832.25
-9584.3
9246.35
-8821.88
8314.66
-7729.68
7072.26
-6348.84
5566.11
-4731.71
3853.35
-2939.54
1998.67
-1039.8
71.7075
896.234
-1855.1
2795.61
-3709.16
4586.95
-5421.01
6203.28
-6926.67
7584.2
-8169.91
8678.21
-9104.58
9444.89
-9696.24
9856.15
-9923.3
9896.98
-9777.73
9566.51
-9265.58
8877.58
-8406.27
7855.91
-7231.85
6539.69
-5786.18
4978.17
-4123.44
3229.81
-2305.91
1360.24
-402.006
-559.819
1515.84
-2457.1
3374.34
-4258.96
5102.24
-5896.22
6633.09
-7305.94
7908.07
-8433.96
8878.37
-9237.33
9507.38
-9686.3
9772.36
-9765.26
9665.08
-9473.29
9191.86
-8824.02
8373.33
-7844.64
7242.92
-6574.26
5844.95
-5062.11
4232.92
-3365.33
2467.19
-1546.9
612.723
326.675
-1262.91
2187.25
-3091.47
3967.06
-4806.19
5600.93
-6344.1
7028.6
-7648.21
8196.86
-8669.55
9061.59
-9369.48
9590.17
-9721.73
9762.76
-9712.98
9572.69
-9343.31
9026.9
-8626.46
8145.64
-7588.95
6961.4
-6268.88
5517.66
-4714.83
3867.74
-2984.52
2073.23
-1142.68
201.512
741.176
-1676.49
2595.35
-3489.1
4349.03
-5167.09
5935.43
-6646.87
7294.68
-7872.96
8376.24
-8800.03
9140.49
-9394.64
9560.21
-9635.9
9620.92
-9515.59
9320.81
-9038.52
8671.22
-8222.54
7696.46
-7098.04
6432.77
-5706.98
4927.47
-4101.77
3237.65
-2343.47
1427.69
-499.035
-433.721
1361.59
-2275.91
3167.83
-4028.98
4851.18
-5626.71
6348.16
-7008.86
7602.38
-8123.23
8566.41
-8927.78
9203.87
-9392.26
9491.02
-9499.39
9417.35
-9245.8
8986.51
-8642.2
8216.19
-7712.76
7136.85
-6494.05
5790.61
-5033.39
4229.53
-3386.79
2513.12
-1616.74
706.049
210.378
-1124.08
2026.47
-2909.19
3764.11
-4583.35
5359.31
-6084.98
6753.62
-7359.14
7896.04
-8359.39
8744.97
-9049.36
9269.77
-9404.2
9451.47
-9411.07
9283.33
-9069.48
8771.4
-8391.82
7934.25
-7402.79
6802.32
-6138.41
5417.09
-4645.08
3829.54
-2978.05
2098.56
-1199.34
288.752
624.566
-1532.03
2425.07
-3295.21
4134.16
-4934
5687.02
-6386.09
7024.61
-7596.46
8096.2
-8519.14
8861.21
-9119.16
9290.66
-9374.04
9368.59
-9274.49
9092.72
-8825.05
8474.24
-8043.63
7537.43
-6960.59
6318.65
-5617.72
4864.57
-4066.29
3230.44
-2364.93
1477.86
-577.558
-327.471
1228.8
-2117.95
2986.55
-3826.43
4629.7
-5388.7
6096.36
-6745.9
7331.24
-7846.77
8287.69
-8649.75
8929.66
-9124.73
9233.24
-9254.14
9187.38
-9033.49
8794.05
-8471.27
8068.23
-7588.74
7037.43
-6419.45
5740.76
-5007.72
4227.37
-3407.12
2554.92
-1678.87
787.505
110.736
-1007.14
1893.27
-2760.56
3600.89
-4406.22
5169.09
-5882.27
6539.26
-7133.92
7660.93
-8115.48
8493.58
-8791.88
9007.91
-9139.73
9186.44
-9147.68
9024.07
-8816.82
8528.07
-8160.38
7717.37
-7202.99
6622.11
-5980.02
5282.78
-4536.66
3748.71
-2926.07
2076.45
-1207.63
327.815
554.941
-1432.27
2296.15
-3138.41
3951.33
-4727.21
5458.93
-6139.48
6762.58
-7322.21
7813.14
-8230.6
8570.7
-8830
9006.08
-9097.06
9102.02
-9020.73
8854.01
-8603.21
8270.82
-7859.86
7374.38
-6818.88
6198.9
-5520.24
4789.68
-4014.16
3201.34
-2358.94
1495.23
-618.313
-263.254
1141.24
-2007.18
2853.05
-3670.74
4452.83
-5191.79
5880.94
-6513.69
7084.31
-7587.32
8018.27
-8372.97
8648.34
-8841.67
8951.36
-8976.23
8916.27
-8771.89
8544.69
-8236.63
7850.81
-7390.69
6860.81
-6266
5612.07
-4905
4151.68
-3359.01
2534.73
-1686.47
822.524
49.0756
-919.81
1781.56
-2625.95
3445.14
-4231.17
4976.78
-5674.78
6318.77
-6902.64
7421.14
-7869.36
8243.41
-8539.73
8755.85
-8889.75
8940.47
-8907.53
8791.5
-8593.41
8315.35
-7959.85
7530.48
-7031.17
6466.85
-5842.65
5164.61
-4438.9
3672.47
-2872.28
2045.99
-1201.12
345.703
512.505
-1365.4
2205.33
-3024.34
3815.02
-4569.91
5282.11
-5944.84
6552.1
-7098.04
7577.66
-7986.35
8320.28
-8576
8751.19
-8843.83
8853.06
-8778.54
8620.99
-8381.59
8062.8
-7667.34
7199.13
-6662.41
6062.52
-5404.99
4696.45
-3943.51
3153.71
-2334.5
1493.96
-640.019
-218.881
1074.69
-1918.99
2743.82
-3541.23
4303.85
-5024.35
5696.27
-6313.18
6869.59
-7360.22
7780.86
-8127.49
8397.33
-8587.79
8697.44
-8725.21
8671.13
-8535.58
8320.12
-8026.63
7658.06
-7217.67
6709.78
-6138.86
5510.47
-4830.27
4104.81
-3340.68
2545.27
-1725.82
890.276
-46.2928
-797.971
1634.73
-2455.85
3253.75
-4020.64
4749.52
-5433.29
6065.71
-6640.62
7152.83
-7597.34
7970.25
-8267.91
8487.82
-8627.81
8686.92
-8664.45
8560.98
-8377.37
8115.68
-7778.26
7368.58
-6890.31
6348.23
-5747.29
5093.37
-4392.42
3651.22
-2876.49
2075.74
-1256.23
425.864
407.834
-1236.89
2053.83
-2850.81
3620.73
-4356.21
5050.7
-5697.61
6291.19
-6825.76
7296.64
-7699.24
8030.03
-8285.68
8463.99
-8563.03
8582.03
-8520.5
8379.11
-8158.89
7861.99
-7490.93
7049.32
-6541.07
5971.15
-5344.73
4667.95
-3947.02
3188.99
-2400.91
1590.51
-765.384
-66.4011
897.118
-1718.66
2523.4
-3303.51
4051.74
-4760.86
5424.38
-6035.84
6589.75
-7080.78
7504.54
-7856.94
8134.92
-8335.69
8457.69
-8499.64
8461.42
-8343.23
8146.45
-7872.74
7524.89
-7105.98
6620.15
-6071.76
5466.24
-4809.13
4106.83
-3365.77
2593.16
-1796.1
982.467
-159.819
-663.789
1480.69
-2282.94
3063.1
-3813.57
4527.45
-5197.79
5818.46
-6383.5
6887.9
-7326.84
7696.55
-7993.53
8215.28
-8359.74
8425.89
-8413.06
8321.67
-8152.55
7907.52
-7588.83
7199.68
-6743.57
6224.98
-5648.73
5020.38
-4345.79
3631.46
-2883.9
2110.27
-1317.69
513.637
294.481
-1099.06
1892.86
-2668.47
3418.97
-4137.41
4817.27
-5452.19
6036.44
-6564.47
7031.55
-7433.18
7765.61
-8025.52
8210.39
-8318.13
8347.71
-8298.55
8171.03
-7966.13
7685.77
-7332.38
6909.42
-6420.74
5871.12
-5265.79
4610.71
-3912.08
3176.76
-2411.71
1624.34
-822.14
12.8512
795.901
-1596.33
2380.98
-3142.41
3873.51
-4567.35
5217.45
-5817.51
6361.97
-6845.58
7263.85
-7612.79
7889.16
-8090.22
8214.2
-8259.82
8226.79
-8115.49
7927.15
-7663.61
7327.63
-6922.47
6452.18
-5921.34
5335.16
-4699.22
4019.68
-3302.98
2555.96
-1785.66
999.346
-204.354
-591.876
1381.94
-2158.45
2914.14
-3641.95
4335.11
-4987.12
5591.93
-6143.86
6637.7
-7068.88
7433.32
-7727.59
7949
-8095.5
8165.7
-8159.1
8075.76
-7916.57
7683.17
-7377.87
7003.64
-6564.21
6063.76
-5507.17
4899.79
-4247.37
3556.1
-2832.54
2083.37
-1315.64
536.445
247.012
-1027.52
1797.84
-2550.96
3279.85
-3977.88
4638.53
-5255.71
5823.62
-6337.04
6791.04
-7181.47
7504.53
-7757.23
7937.06
-8042.42
8072.14
-8026.01
7904.31
-7708.2
7439.42
-7100.54
6694.58
-6225.42
5697.38
-5115.45
4485.06
-3812.18
3103.05
-2364.46
1603.34
-827.017
42.8345
741.62
-1518.92
2281.51
-3022.2
3733.73
-4409.4
5042.56
-5627.24
6157.7
-6629.06
7036.72
-7377
7646.64
-7843.27
7965.04
-8011.03
7980.84
-7875.03
7694.66
-7441.7
7118.6
-6728.61
6275.39
-5763.45
5197.57
-4583.34
3926.47
-3233.32
2510.27
-1764.28
1002.22
-231.391
-541.083
1307.85
-2061.83
2795.88
-3503.28
4177.37
-4811.94
5400.99
-5939.11
6421.16
-6842.79
7200.03
-7489.62
7708.83
-7855.73
7928.81
-7927.54
7851.88
-7702.63
7481.17
-7189.74
6830.95
-6408.33
5925.81
-5388.01
4799.97
-4167.39
3496.15
-2792.65
2063.49
-1315.56
555.867
208.376
-970.076
1722
-2457.13
3168.6
-3849.78
4494.31
-5096.29
5650.04
-6150.51
6593.04
-6973.55
7288.51
-7535.08
7710.86
-7814.3
7844.37
-7800.72
7683.74
-7494.47
7234.58
-6906.52
6513.31
-6058.57
5546.55
-4982.11
4370.48
-3717.59
3029.56
-2312.98
1574.63
-821.641
61.0828
699.628
-1453.33
2192.76
-2910.97
3601.04
-4256.6
4871.26
-5439.3
5955.28
-6414.35
6812.15
-7145.06
7409.83
-7604.06
7725.88
-7774.2
7748.51
-7649.27
7477.33
-7234.57
6923.32
-6546.71
6108.35
-5612.7
5064.41
-4469.04
3832.24
-3160.26
2459.44
-1736.59
998.36
-251.845
-496.09
1238.41
-1968.28
2678.86
-3363.76
4016.55
-4631.28
5202.23
-5724.17
6192.2
-6602.11
6949.99
-7232.72
7447.63
-7592.82
7666.89
-7669.33
7600.03
-7459.85
7250.08
-6972.83
6630.65
-6226.94
5765.32
-5250.27
4686.52
-4079.35
3434.32
-2757.55
2055.12
-1333.65
599.736
139.823
-878.195
1608.36
-2323.68
3017.29
-3682.77
4313.8
-4904.46
5449.03
-5942.52
6380.11
-6757.74
7071.82
-7319.45
7498.24
-7606.63
7643.55
-7608.69
7502.39
-7325.68
7080.21
-6768.34
6392.94
-5957.54
5466.21
-4923.57
4334.68
-3705.15
3040.83
-2348.09
1633.45
-903.709
165.759
573.289
-1306.53
2026.89
-2727.55
3401.87
-4043.46
4646.14
-5204.31
5712.59
-6166.17
6560.79
-6892.64
7158.53
-7356.03
7483.21
-7538.91
7522.71
-7434.79
7276.07
-7048.3
6753.69
-6395.26
5976.58
-5501.85
4975.67
-4403.33
3790.29
-3142.52
2466.24
-1767.88
1054.01
-331.417
-393.244
1113.18
-1821.68
2512.24
-3178.5
3814.23
-4413.71
4971.3
-5481.86
5940.7
-6343.64
6686.88
-6967.46
7182.77
-7330.92
7410.67
-7421.43
7363.12
-7236.49
7042.77
-6783.83
6462.16
-6080.8
5643.2
-5153.44
4615.98
-4035.7
3417.9
-2768.32
2092.83
-1397.75
689.419
25.5885
-740.672
1449.02
-2144.08
2819.2
-3468.05
4084.48
-4662.67
5197.02
-5682.57
6114.56
-6488.92
6802.05
-7051.02
7233.38
-7347.6
7392.45
-7367.58
7273.24
-7110.35
6880.43
-6585.8
6229.18
-5813.96
5344.11
-4824.02
4258.53
-3653.04
3013.18
-2344.99
1654.83
-949.161
234.592
482.1
-1194.18
1894.88
-2577.49
3235.51
-3862.66
4452.92
-5000.68
5500.67
-5948.07
6338.6
-6668.5
6934.56
-7134.31
7265.87
-7328.04
7320.29
-7242.78
7096.32
-6882.51
6603.47
-6262
5861.47
-5405.79
4899.39
-4347.23
3754.58
-3127.15
2470.94
-1792.21
1097.4
-393.139
-313.938
1017.1
-1709.69
2385.23
-3037.35
3659.97
-4247.32
4793.97
-5294.9
5745.59
-6141.97
6480.5
-6758.19
6972.65
-7122.04
7205.18
-7221.4
7170.69
-7053.61
6871.31
-6625.5
6318.49
-5953.07
5532.58
-5060.86
4542.2
-3981.32
3383.36
-2753.78
2098.46
-1423.4
734.906
-39.4309
-656.52
1346.42
-2023.66
2681.92
-3314.89
3916.54
-4481.16
5003.42
-5478.24
5901.24
-6268.32
6575.98
-6821.27
7001.91
-7116.11
7162.93
-7141.87
7053.16
-6897.69
6676.97
-6393.02
6048.7
-5647.23
5192.51
-4688.92
4141.33
-3554.85
2935.22
-2288.23
1620.09
-937.189
246.058
446.821
-1134.76
1811.37
-2470.24
3105.14
-3710.09
4279.44
-4807.75
5290.17
-5722.17
6099.71
-6419.25
6677.83
-6872.96
7002.91
-7066.46
7063.06
-6992.76
6856.33
-6655.04
6390.88
-6066.37
5684.62
-5249.34
4764.71
-4235.35
3666.34
-3063.08
2431.27
-1776.93
1106.28
-425.642
-258.51
939.702
-1611.53
2267.65
-2901.85
3508.17
-4080.85
4614.48
-5104.05
5545.04
-5933.3
6265.31
-6538
6748.91
-6896.19
6978.67
-6995.68
6947.34
-6834.23
6657.6
-6419.27
6121.63
-5767.54
5360.47
-4904.29
4403.27
-3862.09
3285.71
-2679.42
2048.8
-1399.64
737.885
-69.6489
-598.948
1261.77
-1912.65
2545.57
-3154.63
3734.07
-4278.46
4782.69
-5241.98
5652.04
-6009.04
6309.55
-6550.75
6730.33
-6846.53
6898.25
-6884.97
6806.73
-6664.26
6458.82
-6192.26
5867.04
-5486.2
5053.25
-4572.34
4047.99
-3485.15
2889.21
-2265.85
1621
-960.903
291.845
379.735
-1047.37
1704.62
-2345.23
2962.97
-3551.99
4106.67
-4621.71
5092.25
-5513.91
5882.69
-6195.23
6448.63
-6640.59
6769.39
-6833.95
6833.74
-6768.89
6640.11
-6448.67
6196.46
-5885.9
5519.93
-5102.05
4636.24
-4126.91
3578.89
-2997.38
2387.83
-1756.06
1108
-449.795
-212.311
872.058
-1523.2
2159.54
-2775.1
3364.1
-3920.95
4440.48
-4917.79
5348.4
-5728.32
6054.05
-6322.56
6531.47
-6678.87
6763.45
-6784.52
6741.97
-6636.29
6468.62
-6240.63
5954.58
-5613.27
5220.03
-4778.64
4293.39
-3768.95
3210.3
-2622.8
2011.96
-1383.54
743.427
-97.5774
-548.068
1187.54
-1815.05
2424.87
-3011.49
3569.6
-4094.15
4580.33
-5023.76
5420.32
-5766.36
6058.63
-6294.36
6471.25
-6587.59
6642.12
-6634.23
6563.87
-6431.58
6238.52
-5986.46
5677.67
-5315.05
4901.99
-4442.33
3940.43
-3401.03
2829.27
-2230.6
1610.7
-975.482
331.021
316.519
-960.974
1596.12
-2215.9
2814.39
-3385.86
3924.85
-4426.28
4885.33
-5297.67
5659.47
-5967.33
6218.4
-6410.4
6541.54
-6610.69
6617.29
-6561.36
6443.51
-6264.94
6027.33
-5732.98
5384.68
-4985.75
4539.95
-4051.57
3525.18
-2965.82
2378.76
-1769.62
1144.15
-508.335
-131.837
770.255
-1400.91
2017.83
-2615.27
3187.61
-3729.53
4235.98
-4702.27
5124.03
-5497.39
5818.86
-6085.47
6294.74
-6444.73
6534.06
-6561.92
6528.07
-6432.92
6277.45
-6063.21
5792.35
-5467.54
5091.94
-4669.25
4203.57
-3699.36
3161.48
-2595.01
2005.26
-1397.75
778.147
-152.119
-474.524
1096.01
-1706.68
2300.89
-2873.14
3418.23
-3931.07
4406.91
-4841.35
5230.31
-5570.08
5857.59
-6090
6265.17
-6381.47
6437.81
-6433.58
6368.97
-6244.46
6061.26
-5821.09
5526.23
-5179.35
4783.83
-4343.24
3861.74
-3343.8
2794.3
-2218.35
1621.48
-1009.23
387.487
237.896
-860.896
1475.62
-2076.1
2656.7
-3211.81
3736.21
-4224.91
4673.37
-5077.3
5433.06
-5737.27
5987.19
-6180.52
6315.58
-6391.02
6406.33
-6361.25
6256.23
-6092.23
5870.78
-5593.86
5264.19
-4884.74
4459.17
-3991.48
3486.14
-2947.92
2382.15
-1794.12
1189.62
-574.384
-45.6317
664.579
-1276.4
1875.4
-2455.78
3012.12
-3539.1
4031.88
-4485.7
4896.46
-5260.23
5573.72
-5834
6038.82
-6186.26
6275.17
-6304.75
6274.94
-6186.12
6039.37
-5836.13
5578.59
-5269.17
4911.02
-4507.52
4062.59
-3580.37
3065.54
-2522.76
1957.24
-1374.12
778.866
-176.896
-426.154
1024.88
-1613.62
2187.1
-2739.9
3267.02
-3763.49
4224.85
-4646.64
5025.1
-5356.51
5637.84
-5866.29
6039.8
-6156.52
6215.49
-6215.93
6157.88
-6041.69
5868.49
-5639.72
5357.64
-5024.76
4644.36
-4219.88
3755.49
-3255.42
2724.63
-2168.05
1591.16
-999.385
398.551
205.817
-807.794
1401.83
-1982.19
2543.5
-3080.34
3587.91
-4061.3
4496.32
-4888.8
5235.23
-5532.2
5777.16
-5967.59
6101.91
-6178.67
6197.27
-6157.33
6059.38
-5904.07
5693.07
-5428.16
5112.04
-4747.55
4338.36
-3888.17
3401.5
-2882.83
2337.28
-1769.93
1186.43
-592.112
-7.10092
605.701
-1197.85
1778.08
-2340.68
2880.55
-3392.36
3871.45
-4313.17
4713.48
-5068.44
5374.95
-5629.96
5831.31
-5977.09
6066.16
-6097.65
6071.61
-5988.26
5848.74
-5654.41
5407.43
-5110.13
4765.67
-4377.2
3948.67
-3484.04
2987.86
-2464.69
1919.63
-1357.6
783.984
-203.981
-376.93
953.558
-1520.4
2072.43
-2604.43
3111.69
-3589.45
4033.55
-4439.77
4804.62
-5124.6
5396.95
-5619.01
5788.88
-5904.78
5965.72
-5970.9
5920.27
-5814.04
5653.19
-5438.95
5173.35
-4858.6
4497.74
-4093.93
3651.1
-3173.29
2665.19
-2131.53
1577.57
-1008.5
429.903
152.826
-733.998
1308.22
-1869.9
2413.89
-2934.9
3428.23
-3889.09
4313.33
-4696.81
5036.05
-5327.68
5569.07
-5757.75
5892.04
-5970.48
5992.44
-5957.54
5866.22
-5719.22
5518.1
-5264.67
4961.54
-4611.54
4218.17
-3785.11
3316.67
-2817.22
2291.68
-1744.97
1182.41
-609.251
31.0431
546.824
-1118.75
1679.45
-2223.47
2745.81
-3241.41
3705.69
-4134.17
4522.95
-4868.27
5167.1
-5416.55
5614.53
-5759.13
5849.26
-5884.09
5863.57
-5787.91
5658.1
-5475.36
5241.65
-4959.16
4630.74
-4259.41
3848.88
-3402.87
2925.76
-2421.97
1896.34
-1353.74
799.399
-238.343
-324.051
882.636
-1432.15
1967.6
-2483.95
2976.59
-3440.93
3872.81
-4268.24
4623.73
-4935.91
5202.07
-5419.6
5586.58
-5701.32
5762.8
-5770.23
5723.6
-5623.13
5469.74
-5264.74
5010.07
-4707.98
4361.42
-3973.55
3548.12
-3089.16
2601.12
-2088.58
1556.51
-1009.86
453.825
106.387
-665.433
1218.16
-1759.28
2283.86
-2786.96
3263.95
-3710.29
4121.89
-4494.75
4825.41
-5110.64
5347.79
-5534.48
5669
-5749.94
5776.57
-5748.55
5666.2
-5530.21
5342.01
-5103.32
4816.56
-4484.41
4110.16
-3697.27
3249.87
-2772.1
2268.69
-1744.31
1204.04
-652.915
96.2733
460.716
-1012.64
1554.41
-2080.8
2586.94
-3067.99
3519.54
-3937.17
4317.1
-4655.67
4949.84
-5196.8
5394.4
-5540.7
5634.51
-5674.91
5661.69
-5594.97
5475.6
-5304.65
5083.96
-4815.59
4502.29
-4146.99
3753.28
-3324.85
2865.95
-2380.89
1874.41
-1351.24
816.409
-274.805
-268.398
808.27
-1339.75
1858.04
-2358.3
2836.12
-3287.04
3707.07
-4092.31
4439.32
-4744.79
5006.05
-5220.52
5386.31
-5501.72
5565.73
-5577.56
5537.22
-5444.89
5301.56
-5108.47
4867.52
-4580.91
4251.51
-3882.31
3476.98
-3039.24
2573.29
-2083.41
1574.31
-1050.58
517.254
20.8535
-558.655
1091.26
-1613.59
2120.93
-2608.36
3071.41
-3505.63
3906.95
-4271.45
4595.78
-4876.65
5111.49
-5298
5434.45
-5519.47
5552.41
-5532.81
5461.02
-5337.67
5164
-4941.59
4672.73
-4359.78
4005.83
-3614.11
3188.33
-2732.41
2250.78
-1747.85
1228.51
-697.626
160.315
378.38
-913.18
1439.08
-1950.93
2443.87
-2913.11
3354.26
-3763.03
4135.69
-4468.59
4758.7
-5003.25
5200.05
-5347.2
5443.51
-5488.06
5480.59
-5421.2
5310.62
-5149.92
4940.85
-4685.46
4386.38
-4046.51
3669.28
-3258.27
2817.59
-2351.37
1864.15
-1360.49
845.188
-322.968
-201.263
722.766
-1236.72
1738.51
-2223.49
2687.31
-3125.68
3534.65
-3910.44
4249.65
-4549.08
4805.96
-5017.79
5182.6
-5298.78
5365.27
-5381.37
5346.97
-5262.29
5128.21
-4945.95
4717.28
-4444.38
4129.9
-3776.74
3388.32
-2968.22
2520.46
-2049.23
1558.99
-1054.29
539.938
-20.6873
-498.517
1012.84
-1517.38
2007.4
-2478.2
2925.36
-3344.6
3732.02
-4083.91
4396.99
-4668.3
4895.28
-5075.81
5208.28
-5291.44
5324.64
-5307.58
5240.48
-5123.96
4959.22
-4747.8
4491.77
-4193.56
3856.01
-3482.25
3075.88
-2640.67
2180.79
-1700.6
1204.65
-697.613
184.333
330.389
-841.676
1344.7
-1834.73
2307.2
-2757.6
3181.78
-3575.72
3935.75
-4258.5
4540.98
-4780.47
4974.8
-5122.08
5220.91
-5270.41
5270.1
-5219.99
5120.64
-4973
4778.49
-4539.04
4256.94
-3934.88
3576.02
-3183.76
2761.82
-2314.28
1845.33
-1359.39
861.068
-355.035
-153.967
661.09
-1161.59
1650.76
-2123.94
2576.69
-3004.75
3404.03
-3770.79
4101.56
-4393.19
4642.99
-4848.65
5008.23
-5120.37
5184.07
-5198.84
5164.67
-5082.04
4951.77
-4775.31
4554.39
-4291.19
3988.3
-3648.66
3275.42
-2872.2
2442.71
-1991
1521.25
-1037.89
545.329
-48.2493
-448.811
941.206
-1424.38
1893.78
-2345.12
2774.06
-3176.7
3549.25
-3888.28
4190.62
-4453.57
4674.6
-4851.78
4983.45
-5068.46
5106.02
-5095.92
5038.18
-4933.41
4782.52
-4586.92
4348.35
-4069.09
3751.58
-3398.86
3014.07
-2600.83
2162.9
-1704.51
1229.86
-743.593
250.258
245.371
-738.62
1224.64
-1698.92
2156.73
-2593.76
3005.78
-3388.94
3739.53
-4054.4
4330.46
-4565.29
4756.63
-4902.81
5002.42
-5054.76
5059.24
-5016.01
4925.43
-4788.48
4606.36
-4380.98
4114.33
-3809.07
3467.99
-3094.4
2691.74
-2263.97
1814.97
-1349.12
870.735
-384.422
-105.339
593.787
-1076.49
1548.73
-2006.21
2444.47
-2859.51
3247.25
-3604.21
3926.87
-4212.31
4457.72
-4660.91
4819.82
-4933.14
4999.69
-5019.05
4990.95
-4915.84
4794.36
-4627.87
4417.88
-4166.62
3876.34
-3550.05
3190.71
-2801.91
2387.23
-1950.8
1496.62
-1029.18
552.8
-72.1063
-408.45
884.18
-1350.76
1803.66
-2238.75
2651.87
-3039.3
3397.36
-3722.95
4013.02
-4265.11
4476.88
-4646.64
4772.79
-4854.46
4890.86
-4881.87
4827.54
-4728.53
4585.62
-4400.25
4173.96
-3908.93
3607.44
-3272.34
2906.57
-2513.59
2096.91
-1660.51
1208.36
-744.839
274.203
198.964
-670.286
1135.19
-1589.36
2028.35
-2448.12
2844.55
-3214.01
3552.93
-3858.19
4126.84
-4356.46
4544.76
-4690.07
4790.91
-4846.4
4855.9
-4819.43
4737.17
-4609.98
4438.95
-4225.75
3972.33
-3681.23
3355.13
-2997.33
2611.2
-2200.57
1769.35
-1321.83
862.247
-395.167
-75.0407
543.805
-1006.79
1459.56
-1898
2317.97
-2715.69
3087.46
-3430.02
3740.14
-4015.13
4252.4
-4449.82
4605.52
-4718.11
4786.41
-4809.86
4788.12
-4721.4
4610.22
-4455.71
4259.19
-4022.66
3748.28
-3438.82
3097.16
-2726.75
2331.05
-1914
1479.54
-1031.92
575.315
-114.168
-347.279
804.62
-1253.68
1690.19
-2110.25
2509.85
-2885.44
3233.48
-3550.85
3834.53
-4081.99
4290.83
-4459.19
4585.43
-4668.45
4707.39
-4702.06
4652.42
-4559.07
4422.92
-4245.39
4028.18
-3773.54
3483.85
-3162.02
2811.05
-2434.36
2035.4
-1618.06
1186.05
-743.504
294.379
157.12
-606.952
1050.86
-1484.92
1904.97
-2307.25
2687.89
-3043.42
3370.35
-3665.69
3926.49
-4150.32
4334.9
-4478.51
4579.59
-4637.28
4650.85
-4620.27
4545.72
-4428.04
4268.19
-4067.9
3828.96
-3553.8
3244.97
-2905.59
2538.77
-2148.18
1737.45
-1310.61
871.642
-424.844
-25.6803
475.489
-920.452
1356.26
-1778.93
2184.35
-2568.87
2928.73
-3260.68
3561.49
-3828.47
4059.02
-4251.15
4402.92
-4513.07
4580.49
-4604.69
4585.4
-4523.03
4418.07
-4271.74
4085.41
-3861.01
3600.66
-3307.05
2982.84
-2631.34
2255.75
-1859.71
1446.86
-1021.17
586.431
-146.845
-293.668
730.925
-1161.01
1579.78
-1983.54
2368.35
-2730.74
3067.16
-3374.54
3649.82
-3890.57
4094.33
-4259.3
4383.82
-4466.84
4507.47
-4505.58
4461.07
-4374.64
4247.08
-4079.79
3874.34
-3632.9
3357.64
-3051.35
2716.85
-2357.36
1976.15
-1576.95
1163.28
-739.155
308.394
124.891
-556.774
983.055
-1399.91
1803.27
-2189.45
2554.7
-2895.71
3209.08
-3492.05
3741.75
-3956
4132.64
-4270.2
4367.21
-4422.99
4436.84
-4408.8
4339.03
-4228.32
4077.57
-3888.43
3662.5
-3402.08
3109.47
-2787.53
2439.14
-2067.75
1676.7
-1269.85
850.938
-424.043
-6.91157
437.701
-864.372
1282.7
-1688.81
2078.69
-2448.75
2795.32
-3115.25
3405.35
-3663
3885.64
-4071.3
4218.12
-4324.9
4390.54
-4414.62
4396.88
-4337.68
4237.56
-4097.69
3919.38
-3704.53
3455.18
-3173.9
2863.31
-2526.54
2166.71
-1787.38
1392.06
-984.58
568.683
-148.317
-272.712
690.415
-1101.04
1500.72
-1885.86
2252.89
-2598.54
2919.57
-3213.18
3476.6
-3707.46
3903.62
-4063.32
4185.07
-4267.85
4310.8
-4313.58
4276.11
-4198.77
4082.22
-3927.64
3736.4
-3510.34
3251.54
-2962.45
2645.72
-2304.4
1941.6
-1560.8
1165.57
-759.692
346.945
68.7013
-483.388
893.14
-1294.1
1682.4
-2054.41
2406.55
-2735.53
3038.22
-3311.82
3553.73
-3761.72
3933.82
-4068.49
4164.48
-4220.99
4237.51
-4213.98
4150.59
-4048.08
3907.37
-3729.86
3517.21
-3271.42
2994.76
-2689.88
2359.57
-2006.94
1635.25
-1247.97
848.72
-441.275
29.4386
382.844
-791.685
1193.19
-1583.53
1958.96
-2315.92
2650.94
-2960.8
3242.54
-3493.42
3711.05
-3893.34
4038.52
-4145.21
4212.42
-4239.52
4226.3
-4172.93
4079.99
-3948.43
3779.61
-3575.19
3337.22
-3068.06
2770.35
-2447.01
2101.19
-1736.19
1355.52
-962.809
561.824
-156.34
-249.758
652.693
-1048.65
1433.95
-1804.97
2158.29
-2490.58
2798.79
-3080.09
3331.92
-3552.04
3738.51
-3889.69
4004.28
-4081.33
4120.22
-4120.74
4083
-4007.41
3894.82
-3746.33
3563.35
-3347.62
3101.17
-2826.27
2525.49
-2201.61
1857.6
-1496.64
1122.05
-737.278
345.886
48.4855
-442.189
831.535
-1212.88
1582.66
-1937.41
2273.76
-2588.55
2878.79
-3141.73
3374.9
-3576.07
3743.36
-3875.17
3970.24
-4027.66
4046.91
-4027.78
3970.48
-3875.53
3743.83
-3576.6
3375.42
-3142.14
2879.04
-2588.55
2273.45
-1936.71
1581.55
-1211.27
829.474
-439.755
45.8482
348.503
-739.506
1123.5
-1496.74
1855.75
-2197.09
2517.54
-2814.03
3083.83
-3324.3
3533.25
-3708.68
3848.95
-3952.75
4019.14
-4047.45
4037.48
-3989.31
3903.42
-3780.63
3622.18
-3429.56
3204.71
-2949.78
2667.27
-2359.93
2030.77
-1682.92
1319.81
-944.92
561.895
-174.4
-213.828
599.161
-977.903
1346.5
-1701.5
2039.58
-2357.58
2652.63
-2922
3163.3
-3374.38
3553.36
-3698.67
3809.12
-3883.77
3922.08
-3923.85
3889.17
-3818.48
3712.57
-3572.45
3399.54
-3195.48
2962.2
-2701.9
2417.03
-2110.17
1784.17
-1441.99
1086.77
-721.763
350.381
24.0146
-397.912
767.894
-1130.53
1482.49
-1820.46
2141.34
-2442.09
2719.93
-2972.24
3196.65
-3391.02
3553.54
-3682.6
3777
-3835.77
3858.33
-3844.36
3794.01
-3707.63
3586.1
-3430.49
3242.29
-3023.26
2775.53
-2501.41
2203.6
-1884.93
1548.49
-1197.48
835.304
-465.347
91.1912
283.674
-655.677
1021.36
-1377.25
1720.06
-2046.53
2353.65
-2638.5
2898.45
-3130.99
3333.97
-3505.41
3643.71
-3747.51
3815.85
-3848
3843.68
-3802.88
3726.03
-3613.81
3467.36
-3288.04
3077.63
-2838.1
2571.81
-2281.28
1969.38
-1639.08
1293.6
-936.218
570.434
-199.693
-172.375
542.241
-906.326
1261.19
-1603.37
1929.72
-2237.08
2522.59
-2783.55
3017.59
-3222.49
3396.47
-3537.95
3645.75
-3718.94
3757.04
-3759.75
3727.26
-3659.96
3558.67
-3424.45
3258.73
-3063.13
2839.64
-2590.37
2317.76
-2024.36
1712.99
-1386.53
1048.09
-700.714
347.657
7.89839
-362.668
713.486
-1057.11
1390.49
-1710.57
2014.49
-2299.46
2562.93
-2802.42
3015.79
-3201.01
3356.38
-3480.38
3571.89
-3629.94
3653.99
-3643.73
3599.23
-3520.81
3409.23
-3265.46
3090.89
-2887.1
2656.02
-2399.78
2120.82
-1821.71
1505.34
-1174.64
832.755
-482.865
128.282
227.709
-581.703
930.404
-1270.47
1598.7
-1911.94
2207.21
-2481.64
2732.63
-2957.74
3154.82
-3321.9
3457.42
-3559.99
3628.69
-3662.83
3662.13
-3626.58
3556.58
-3452.76
3316.18
-3148.11
2950.24
-2724.42
2472.89
-2197.99
1902.42
-1588.98
1260.71
-920.733
572.374
-218.925
-136.16
489.521
-837.716
1177.46
-1505.44
1818.61
-2113.91
2388.6
-2640.06
2865.97
-3064.2
3232.97
-3370.7
3476.19
-3548.47
3587.03
-3591.52
3562.1
-3499.09
3403.26
-3275.6
3117.49
-2930.51
2716.61
-2477.88
2216.73
-1935.68
1637.52
-1325.07
1001.39
-669.487
332.519
6.42557
-344.2
677.757
-1004.03
1320.14
-1623.21
1910.61
-2179.77
2428.35
-2654.13
2855.17
-3029.63
3176.02
-3292.97
3379.49
-3434.72
3458.21
-3449.65
3409.15
-3336.99
3233.83
-3100.54
2938.35
-2748.68
2533.28
-2294.11
2033.37
-1753.45
1456.99
-1146.69
825.522
-496.415
162.513
173.101
-507.216
836.745
-1158.49
1469.47
-1766.68
2047.31
-2308.64
2548.21
-2763.63
2952.87
-3114.02
3245.53
-3346.08
3414.73
-3450.72
3453.75
-3423.76
3361.06
-3266.24
3140.28
-2984.36
2800.07
-2589.18
2353.79
-2096.14
1818.77
-1524.29
1215.62
-895.643
567.476
-234.208
-100.914
434.775
-764.128
1085.88
-1396.92
1694.32
-1975.2
2236.96
-2477.05
2693.25
-2883.47
3045.99
-3179.22
3282.02
-3353.39
3392.79
-3399.86
3374.66
-3317.47
3228.99
-3110.11
2962.11
-2786.45
2584.96
-2359.59
2112.66
-1846.53
1563.86
-1267.33
959.841
-644.271
323.666
-0.994063
-320.693
638.46
-949.342
1250.57
-1539.36
1813.14
-2069.4
2305.88
-2520.42
2711.15
-2876.33
3014.53
-3124.49
3205.3
-3256.21
3276.82
-3266.95
3226.76
-3156.64
3057.3
-2929.62
2774.83
-2594.32
2389.75
-2162.97
1916.06
-1651.23
1370.93
-1077.65
774.096
-463.019
147.309
170.126
-486.269
798.172
-1102.86
1397.42
-1679.02
1944.94
-2192.57
2419.51
-2623.53
2802.63
-2955.07
3079.39
-3174.38
3239.15
-3273.07
3275.84
-3247.45
3188.19
-3098.65
2979.7
-2832.49
2658.43
-2459.18
2236.66
-1992.99
1730.52
-1451.77
1159.41
-856.261
545.244
-229.36
-88.3515
404.809
-716.99
1021.89
-1316.6
1598.29
-1864.31
2112.09
-2339.35
2543.92
-2723.92
2877.68
-3003.82
3101.17
-3168.91
3206.44
-3213.5
3190.09
-3136.57
3053.5
-2941.8
2802.61
-2637.36
2447.69
-2235.51
2002.87
-1752.08
1485.55
-1205.84
915.584
-617.576
314.551
-9.40255
-295.067
596.006
-890.669
1176.3
-1450.34
1710.22
-1953.63
2178.29
-2382.23
2563.52
-2720.62
2852.04
-2956.71
3033.65
-3082.25
3102.05
-3093
3055.14
-2988.94
2894.96
-2774.15
2627.57
-2456.64
2262.83
-2048.01
1814.03
-1563.09
1297.41
-1019.48
731.778
-437.046
137.961
162.613
-461.916
757.03
-1045.21
1323.6
-1589.57
1840.49
-2074
2287.76
-2479.8
2648.18
-2791.35
2907.89
-2996.78
3057.14
-3088.49
3090.51
-3063.28
3007.04
-2922.41
2810.19
-2671.51
2507.67
-2320.3
2111.12
-1882.21
1635.7
-1373.98
1099.5
-814.931
522.926
-226.34
-72.0678
369.389
-662.846
949.595
-1226.97
1492.25
-1743.01
1976.8
-2191.48
2384.95
-2555.46
2701.34
-2821.31
2914.2
-2979.23
3015.78
-3023.63
3002.66
-2953.22
2875.77
-2771.2
2640.5
-2485.1
2306.44
-2106.38
1886.8
-1649.92
1398
-1133.56
859.046
-577.188
290.579
-2.01206
-285.864
570.254
-848.601
1118.22
-1376.74
1621.71
-1851
2062.44
-2254.25
2424.62
-2572.17
2695.54
-2793.78
2865.97
-2911.62
2930.28
-2921.9
2886.51
-2824.52
2736.44
-2623.14
2485.57
-2325.02
2142.85
-1940.77
1720.49
-1484.13
1233.76
-971.786
700.556
-422.685
140.694
142.643
-424.717
702.723
-974.066
1236.07
-1486.29
1722.26
-1941.81
2142.74
-2323.22
2481.44
-2615.98
2725.47
-2808.99
2865.66
-2895.04
2896.76
-2870.9
2817.64
-2737.61
2631.53
-2500.55
2345.89
-2169.16
1972.03
-1756.54
1524.71
-1278.92
1021.49
-754.983
481.882
-204.874
-73.517
350.602
-623.882
890.758
-1148.87
1395.79
-1629.37
1847.41
-2048.02
2229.29
-2389.65
2527.52
-2641.71
2731.03
-2794.7
2831.98
-2842.56
2826.19
-2783.08
2713.53
-2618.25
2498.11
-2354.35
2188.3
-2001.73
1796.4
-1574.43
1337.99
-1089.46
831.199
-565.807
295.763
-23.7075
-247.844
516.282
-779.204
1034.11
-1278.75
1510.85
-1728.36
1929.24
-2111.75
2274.18
-2415.12
2533.27
-2627.62
2697.27
-2741.67
2760.36
-2753.28
2720.48
-2662.35
2579.4
-2472.51
2342.64
-2191.08
2019.2
-1828.68
1621.23
-1398.86
1163.55
-917.559
663.117
-402.632
138.482
126.806
-390.828
651.044
-905.051
1150.41
-1384.84
1606.04
-1811.98
2000.6
-2170.14
2318.91
-2445.51
2548.67
-2627.44
2681
-2708.88
2710.79
-2686.78
2637.05
-2562.18
2462.91
-2340.27
2195.51
-2030.14
1845.75
-1644.26
1427.59
-1197.91
957.421
-708.484
453.416
-194.681
-65.369
324.301
-579.777
829.431
-1071.04
1302.35
-1521.33
1725.93
-1914.34
2084.78
-2235.72
2365.68
-2473.48
2558.02
-2618.55
2654.41
-2665.31
2651.07
-2611.88
2548.04
-2460.2
2349.16
-2216.05
2062.13
-1888.91
1698.02
-1491.36
1270.83
-1038.6
796.862
-547.972
294.246
-38.1648
-217.892
471.442
-720.131
961.55
-1193.48
1413.66
-1620.1
1810.81
-1984.07
2138.23
-2271.95
2383.96
-2473.32
2539.2
-2581.1
2598.65
-2591.81
2560.66
-2505.6
2427.17
-2326.19
2203.61
-2060.67
1898.69
-1719.24
1524
-1314.83
1093.65
-862.582
623.765
-379.448
131.909
116.536
-363.59
606.926
-844.286
1073.43
-1292.21
1498.58
-1690.59
1866.42
-2024.45
2163.15
-2281.2
2377.48
-2451.05
2501.22
-2527.52
2529.7
-2507.77
2461.94
-2392.7
2300.7
-2186.88
2052.36
-1898.48
1726.74
-1538.85
1336.59
-1121.91
896.869
-663.605
424.339
-181.361
-63.0696
306.645
-547.09
782.182
-1009.72
1227.55
-1433.67
1626.11
-1803.1
1963
-2104.33
2225.79
-2326.24
2404.74
-2460.58
2493.25
-2502.48
2488.2
-2450.61
2390.05
-2307.12
2202.62
-2077.53
1933.07
-1770.63
1591.75
-1398.14
1191.65
-974.207
747.888
-514.854
277.335
-37.593
-202.06
439.38
-672.113
898.061
-1115.1
1321.19
-1514.4
1692.93
-1855.16
1999.6
-2124.98
2230.17
-2314.24
2376.48
-2416.35
2433.53
-2427.95
2399.7
-2349.09
2276.67
-2183.13
2069.38
-1936.54
1785.86
-1618.82
1437
-1242.14
1036.09
-820.799
598.297
-370.676
140.083
91.3315
-321.405
547.987
-768.982
982.349
-1186.1
1378.37
-1557.35
1721.38
-1868.93
1998.61
-2109.18
2199.63
-2269.1
2316.92
-2342.65
2346.04
-2327.07
2285.94
-2223.06
2139.04
-2034.74
1911.16
-1769.5
1611.14
-1437.61
1250.55
-1051.78
843.171
-626.688
404.398
-178.381
-49.2294
276.292
-500.67
720.273
-933.017
1136.92
-1330.06
1510.61
-1676.89
1827.34
-1960.53
2075.22
-2170.37
2245.08
-2298.67
2330.66
-2340.76
2328.89
-2295.19
2239.97
-2163.77
2067.33
-1951.55
1817.52
-1666.52
1499.95
-1319.41
1126.62
-923.396
711.696
-493.564
271.066
-46.3649
-178.388
401.036
-619.451
831.52
-1035.25
1228.69
-1410.04
1577.61
-1729.87
1865.43
-1983.1
2081.83
-2160.8
2219.35
-2257.03
2273.56
-2268.9
2243.17
-2196.7
2129.98
-2043.73
1938.79
-1816.22
1677.19
-1523.05
1355.25
-1175.41
985.201
-786.436
580.942
-370.652
157.502
56.5359
-269.495
479.408
-684.362
882.458
-1071.89
1250.9
-1417.85
1571.2
-1709.53
1831.53
-1936.09
2022.2
-2089.06
2136.02
-2162.64
2168.64
-2153.98
2118.78
-2063.38
1988.28
-1894.24
1782.12
-1653.03
1508.19
-1349
1176.99
-993.837
801.262
-601.142
395.387
-185.97
-25.1289
235.859
-444.269
648.346
-846.181
1035.9
-1215.75
1384.01
-1539.17
1679.76
-1804.51
1912.25
-2002.03
2073.01
-2124.57
2156.22
-2167.7
2158.89
-2129.91
2080.98
-2012.6
1925.35
-1820.09
1697.74
-1559.48
1406.57
-1240.48
1062.76
-875.122
679.332
-477.298
270.915
-62.2162
-146.829
354.186
-557.892
755.96
-946.548
1127.79
-1298.02
1455.6
-1599.1
1727.13
-1838.59
1932.42
-2007.83
2064.14
-2100.93
2117.89
-2115
2092.34
-2050.26
1989.2
-1909.87
1813.06
-1699.79
1571.16
-1428.47
1273.08
-1106.52
930.33
-746.208
555.84
-361.03
163.558
34.7281
-232.044
426.536
-616.467
800.08
-975.726
1141.78
-1296.77
1439.24
-1567.93
1681.62
-1779.31
1860.06
-1923.15
1967.95
-1994.07
2001.21
-1989.32
1958.48
-1908.96
1841.2
-1755.87
1653.73
-1535.78
1403.11
-1257.01
1098.85
-930.185
752.617
-567.9
377.796
-184.173
-11.1292
206.189
-399.158
588.138
-771.337
946.976
-1113.43
1269.11
-1412.59
1542.53
-1657.76
1757.23
-1840.07
1905.54
-1953.09
1982.31
-1993
1985.05
-1958.61
1913.9
-1851.4
1771.64
-1675.44
1563.65
-1437.36
1297.71
-1146.06
983.784
-812.451
633.63
-449.054
260.415
-69.5444
-121.806
311.775
-498.612
680.495
-855.753
1022.68
-1179.76
1325.45
-1458.43
1577.41
-1681.31
1769.13
-1840.12
1893.6
-1929.16
1946.46
-1945.45
1926.16
-1888.89
1834.02
-1762.2
1674.12
-1570.74
1453.06
-1322.28
1179.66
-1026.61
864.564
-695.1
519.786
-340.319
158.333
24.4181
-206.282
385.529
-560.539
729.658
-891.373
1044.15
-1186.64
1317.49
-1435.53
1539.67
-1629
1702.67
-1760.07
1800.66
-1824.09
1830.14
-1818.79
1790.12
-1744.44
1682.15
-1603.84
1510.22
-1402.2
1280.75
-1147.07
1002.4
-848.171
685.818
-516.953
343.164
-166.182
-12.3348
190.619
-366.999
539.749
-707.281
867.971
-1020.37
1163.02
-1294.63
1413.94
-1519.9
1611.49
-1687.92
1748.46
-1792.59
1819.87
-1830.09
1823.12
-1799.07
1758.14
-1700.76
1627.46
-1538.98
1436.11
-1319.88
1191.37
-1051.83
902.56
-745.021
580.654
-411.052
237.778
-62.4966
-113.185
287.57
-459.073
626.036
-786.937
940.223
-1084.5
1218.37
-1340.62
1450.06
-1545.73
1626.68
-1692.24
1741.75
-1774.85
1791.19
-1790.73
1773.47
-1739.68
1689.68
-1624.06
1543.43
-1448.68
1340.69
-1220.58
1089.5
-948.793
799.771
-643.925
482.708
-317.709
150.456
17.4088
-184.351
348.76
-509.148
663.993
-811.917
951.527
-1081.61
1200.94
-1308.5
1403.29
-1484.51
1551.39
-1603.4
1640.05
-1661.04
1666.18
-1655.47
1628.99
-1587.05
1530
-1458.46
1373.08
-1274.71
1164.27
-1042.86
911.584
-771.745
624.64
-471.698
314.324
-154.047
-7.66793
169.26
-329.243
486.076
-638.324
784.503
-923.28
1053.3
-1173.35
1282.25
-1379
1462.63
-1532.4
1587.61
-1627.77
1652.49
-1661.58
1654.96
-1632.75
1595.17
-1542.65
1475.7
-1395.03
1301.37
-1195.7
1078.97
-952.329
816.957
-674.153
525.213
-371.568
214.609
-55.839
-103.292
261.261
-416.628
567.905
-713.723
852.689
-983.55
1105.05
-1216.11
1315.66
-1402.85
1476.84
-1537.01
1582.8
-1613.84
1629.82
-1630.66
1616.33
-1587.03
1543.02
-1484.78
1412.85
-1327.97
1230.92
-1122.69
1004.3
-876.948
741.854
-600.381
453.875
-303.792
151.564
1.31238
-153.397
303.198
-449.332
590.395
-725.096
852.174
-970.497
1078.97
-1176.64
1262.63
-1336.2
1396.71
-1443.68
1476.71
-1495.57
1500.13
-1490.43
1466.6
-1428.94
1377.82
-1313.82
1237.53
-1149.73
1051.25
-943.033
826.084
-701.523
570.48
-434.186
293.881
-150.862
6.42092
138.092
-281.37
422.059
-558.861
690.48
-815.691
933.276
-1042.14
1141.2
-1229.52
1306.21
-1370.55
1421.89
-1459.76
1483.77
-1493.72
1489.5
-1471.17
1438.91
-1393.08
1334.11
-1262.61
1179.27
-1084.92
980.453
-866.912
745.365
-617.006
483.062
-344.839
203.627
-60.8071
-82.2996
224.318
-363.915
499.757
-630.597
755.194
-872.433
981.237
-1080.64
1169.73
-1247.77
1314.03
-1367.99
1409.19
-1437.31
1452.15
-1453.63
1441.75
-1416.7
1378.71
-1328.2
1265.64
-1191.67
1106.97
-1012.36
908.726
-797.051
678.389
-553.865
424.644
-291.963
157.059
-21.207
-114.316
248.23
-379.285
506.223
-627.867
743.067
-850.745
949.889
-1039.59
1118.98
-1187.36
1244.08
-1288.64
1320.64
-1339.84
1346.05
-1339.29
1319.64
-1287.34
1242.72
-1186.27
1118.53
-1040.21
952.073
-854.985
749.882
-637.8
519.794
-397.016
270.633
-141.851
11.8873
118.017
-246.656
372.8
-495.271
612.922
-724.656
829.429
-926.293
1014.34
-1092.78
1160.89
-1218.06
1263.75
-1297.57
1319.21
-1328.49
1325.32
-1309.74
1281.89
-1242.03
1190.54
-1127.9
1054.71
-971.682
879.604
-779.373
671.95
-558.381
439.76
-317.24
192.008
-65.2781
-61.744
187.851
-311.858
432.615
-548.996
659.935
-764.417
861.496
-950.303
1030.05
-1100.05
1159.68
-1208.45
1245.93
-1271.84
1285.96
-1288.23
1278.67
-1257.42
1224.72
-1180.92
1126.46
-1061.89
987.829
-905.008
814.213
-716.307
612.206
-502.892
389.393
-272.78
154.147
-34.6225
-84.68
202.632
-318.124
430.063
-537.393
639.088
-734.198
821.83
-901.169
971.489
-1032.15
1082.59
-1122.36
1151.12
-1168.63
1174.75
-1169.48
1152.88
-1125.15
1086.59
-1037.59
978.632
-910.319
833.323
-748.407
656.397
-558.193
454.743
-347.051
236.16
-123.145
9.08823
104.915
-217.786
328.456
-435.887
539.061
-637.017
728.834
-813.66
890.717
-959.301
1018.78
-1068.62
1108.37
-1137.65
1156.22
-1163.91
1160.66
-1146.54
1121.69
-1086.36
1040.91
-985.782
921.509
-848.73
768.15
-680.559
586.796
-487.771
384.411
-277.715
168.687
-58.3671
-52.2077
161.995
-269.991
375.183
-476.616
573.353
-664.511
749.255
-826.834
896.549
-957.8
1010.05
-1052.86
1085.85
-1108.78
1121.46
-1123.82
1115.89
-1097.78
1069.7
-1031.94
984.877
-928.983
864.801
-792.959
714.155
-629.158
538.764
-443.855
345.329
-244.136
141.242
-37.6454
-65.678
167.731
-267.554
364.207
-456.788
544.421
-626.306
701.677
-769.855
830.22
-882.245
925.452
-959.477
984.017
-998.877
1003.94
-999.198
984.712
-960.667
927.309
-884.993
834.151
-775.304
709.037
-636.031
556.995
-472.716
384.018
-291.766
196.844
-100.185
2.69141
94.6964
-191.065
285.509
-377.159
465.147
-548.677
626.964
-699.289
764.983
-823.451
874.143
-916.61
950.449
-975.357
991.099
-997.55
994.642
-982.432
961.038
-930.685
891.667
-844.382
789.278
-726.915
657.892
-582.892
502.639
-417.919
329.535
-238.358
145.243
-51.0876
-43.2274
136.811
-228.806
318.35
-404.641
486.881
-564.341
636.327
-702.219
761.434
-813.489
857.922
-894.378
922.55
-942.23
953.263
-955.606
949.256
-934.32
910.964
-879.443
840.069
-793.254
739.452
-679.202
613.091
-541.762
465.901
-386.246
303.55
-218.614
132.238
-45.2471
-41.5399
127.295
-211.225
292.528
-370.454
444.271
-513.296
576.884
-634.466
685.503
-729.549
766.207
-795.164
816.174
-829.084
833.792
-830.302
818.676
-799.063
771.684
-736.842
694.888
-646.264
591.449
-530.992
465.486
-395.586
321.963
-245.348
166.475
-86.1067
5.00955
76.0341
-156.263
234.908
-311.23
384.509
-454.065
519.24
-579.444
634.115
-682.759
724.93
-760.254
788.4
-809.132
822.258
-827.679
825.357
-815.332
797.711
-772.681
740.483
-701.443
655.939
-604.421
547.392
-485.418
419.089
-349.053
275.979
-200.563
123.521
-45.5848
-32.5195
110.06
-186.323
260.613
-332.261
400.615
-465.075
525.063
-580.057
629.578
-673.206
710.562
-741.345
765.301
-782.249
792.062
-794.692
790.139
-778.491
759.883
-734.532
702.703
-664.743
621.025
-572.009
518.172
-460.058
398.233
-333.309
265.907
-196.687
126.302
-55.4288
-15.27
85.1281
-153.502
219.753
-283.277
343.483
-399.83
451.803
-498.943
540.826
-577.093
607.424
-631.573
649.339
-660.598
665.275
-663.371
654.937
-640.102
619.038
-591.989
559.24
-521.141
478.069
-430.466
378.792
-323.561
265.299
-204.573
141.953
-78.0414
13.436
51.2454
-115.397
178.405
-239.681
298.635
-354.716
407.385
-456.146
500.534
-540.137
574.574
-603.532
626.739
-643.987
655.12
-660.053
658.742
-651.224
637.576
-617.95
592.541
-561.614
525.463
-484.457
438.985
-389.503
336.485
-280.457
221.954
-161.553
99.824
-37.3709
-25.2184
87.3375
-148.41
207.852
-265.127
319.703
-371.098
418.847
-462.546
501.814
-536.331
565.817
-590.048
608.841
-622.08
629.682
-631.63
627.951
-618.724
604.072
-584.179
559.259
-529.591
495.479
-457.275
415.359
-370.155
322.097
-271.666
219.341
-165.629
111.037
-56.0877
1.28823
52.8394
-105.797
157.091
-206.251
252.82
-296.381
336.532
-372.919
405.217
-433.148
456.472
-475.011
488.62
-497.222
500.779
-499.314
492.888
-481.622
465.664
-445.223
420.532
-391.869
359.532
-323.861
285.202
-243.94
200.466
-155.199
108.556
-60.9832
12.9092
35.2113
-82.9425
129.835
-175.46
219.383
-261.205
300.525
-336.984
370.234
-399.971
425.904
-447.801
465.441
-478.666
487.343
-491.393
490.769
-485.485
475.579
-461.152
442.33
-419.298
392.27
-361.52
327.341
-290.082
250.106
-207.819
163.637
-118.011
71.3904
-24.2527
-22.9385
69.7106
-115.612
160.192
-203.036
243.734
-281.922
317.253
-349.429
378.171
-403.263
424.507
-441.769
454.937
-463.958
468.798
-469.488
466.073
-458.657
447.361
-432.355
413.821
-391.993
367.105
-339.435
309.266
-276.914
242.691
-206.944
170.003
-132.228
93.9623
-55.5661
17.3791
20.2438
-56.9763
92.4826
-126.46
158.606
-188.651
216.336
-241.436
263.737
-283.07
299.281
-312.26
321.915
-328.201
331.087
-330.594
326.759
-319.661
309.397
-296.104
279.929
-261.06
239.695
-216.064
190.403
-162.98
134.06
-103.929
72.8763
-41.2048
9.21302
22.7885
-54.5044
85.6319
-115.886
144.985
-172.667
198.673
-222.776
244.75
-264.402
281.55
-296.046
307.751
-316.565
322.399
-325.198
324.927
-321.586
315.193
-305.808
293.506
-278.402
260.629
-240.357
217.774
-193.105
166.588
-138.491
109.09
-78.6875
47.5855
-16.1082
-15.4287
46.7001
-77.3922
107.194
-135.812
162.963
-188.387
211.842
-233.118
252.026
-268.414
282.155
-293.162
301.373
-306.767
309.344
-309.148
306.243
-300.73
292.73
-282.394
269.885
-255.392
239.112
-221.259
202.051
-181.716
160.482
-138.58
116.234
-93.6679
71.0941
-48.7208
26.742
-5.34497
-15.3019
35.0375
-53.7193
71.216
-87.4139
102.21
-115.521
127.274
-137.413
145.893
-152.683
157.765
-161.132
162.789
-162.756
161.058
-157.739
152.85
-146.455
138.626
-129.454
119.032
-107.472
94.8904
-81.4173
67.1871
-52.3445
37.0356
-21.4148
5.63291
10.1534
-25.7938
41.1385
-56.0442
70.372
-83.9942
96.788
-108.643
119.458
-129.14
137.608
-144.793
150.637
-155.091
158.118
-159.694
159.799
-158.433
155.599
-151.318
145.619
-138.545
130.151
-120.504
109.685
-97.7887
84.9224
-71.2069
56.7731
-41.7652
26.3336
-10.64
-5.15099
20.869
-36.3451
51.4083
-65.8976
79.6534
-92.5302
104.392
-115.12
124.609
-132.775
139.548
-144.886
148.76
-151.167
152.123
-151.667
149.852
-146.757
142.475
-137.114
130.798
-123.665
115.858
-107.531
98.8414
-89.9459
80.9972
-72.1444
63.5218
-55.2549
47.4492
-40.1938
33.5546
-27.5792
22.2895
-17.6898
13.7633
-10.4778
7.78687
-5.63562
3.95782
-2.6867
1.75252
-1.08985
0.638437
-0.347278
0.169937
-0.0721433
0.0245216
-0.00554553
