0.000132955
-0.000346451
-0.000338181
8.44045e-06
-7.58945e-05
-0.000783284
7.89743e-05
0.000289215
0.00325462
0.0187818
0.0822318
0.148972
0.0388926
-0.0395057
0.095032
-0.0015717
-0.196168
-0.0396771
0.112361
-0.031046
-0.120685
0.0856002
0.15245
-0.0746069
-0.134348
0.00967072
0.0647456
-0.0376111
-0.073621
0.0270026
0.0456709
-0.0334332
-0.046798
0.0280367
0.00707739
-0.0866085
-0.0345793
0.061524
0.0173964
-0.0486515
0.00307469
0.0473957
-0.0115854
-0.0492979
0.00135674
0.0455332
0.0051485
-0.0473153
-0.0105782
0.0288539
-0.0162907
-0.0322866
0.00970874
0.0146113
-0.00630266
-0.00150345
0.0120237
0.0043995
-0.0012993
-0.000596432
-0.00687198
-0.00562023
-0.00213416
-0.00301458
-0.00166907
0.00633361
0.00908687
-0.00307297
-0.00804095
-0.000106272
-0.000427129
-0.0106744
-0.0114411
0.000935754
0.00391308
-0.00636116
-0.00645268
0.00290528
-0.000906678
-0.0134994
-0.0135921
-0.00624088
-0.00461618
-0.00651692
-0.00479465
0.00129534
-7.77824e-05
-0.00806217
-0.00728708
-0.00185321
-0.00394151
-0.00647652
-0.00093118
0.0049843
0.00550029
0.00333037
0.0008739
0.00121703
-0.000126445
-0.00622139
