-0.000241977
-0.000239182
-0.000104136
-0.00029088
-0.000206101
-0.000195529
-0.000336612
-0.000446365
-0.000225362
0.000276478
0.0036385
0.0187989
0.0740379
0.129813
0.0539618
-0.001884
0.0807346
-0.00427458
-0.166708
-0.0708526
0.0831233
0.0149874
-0.092008
0.0246639
0.130077
0.00254197
-0.111337
-0.0517341
0.0362418
0.0103488
-0.0513937
-0.0252045
0.0253148
0.00934893
-0.0333452
-0.0145512
0.0138362
-0.0412941
-0.0604009
0.0217272
0.0452122
-0.0148901
-0.0261441
0.0155326
0.0215092
-0.0182781
-0.0314968
0.0103016
0.0322717
-0.00444937
-0.0317802
-0.0101198
0.0150194
0.00260427
-0.0223242
-0.0101085
0.0199697
0.0112909
-0.0141839
-0.00410639
0.0158727
0.000258768
-0.0224119
-0.00981964
0.011239
0.000414038
-0.0158769
0.00222799
0.019665
-0.00129297
-0.0202764
-0.00482657
0.0102987
-0.00690012
-0.0229424
-0.00444236
0.0103977
-0.00455686
-0.0129902
0.000841117
0.00399198
-0.0131381
-0.019867
-0.00761451
-0.000847179
-0.0091737
-0.0101669
0.00317778
0.00449937
-0.00865009
-0.010198
-0.000485819
0.000211896
-0.00683567
-0.00546567
0.00451517
0.00895744
0.00316622
-0.001438
0.00202375
